# Freiraum-Messung des XBandAbsorbers mit 15 und 150 Ohm Widerstaenden
# f [GHz], Re(S11), Im(S11), Re(S21), Im(S21)
2, -1.06968, 0.1981, -0.10496, 0.01596
2.00813, -1.07797, 0.24664, -0.09539, 0.06557
2.01625, -1.0506, 0.30002, -0.05899, 0.10036
2.02438, -1.00203, 0.3315, -0.01445, 0.10698
2.0325, -0.94656, 0.32717, 0.02172, 0.0967
2.04062, -0.91564, 0.29425, 0.04125, 0.0778
2.04875, -0.91083, 0.26196, 0.05419, 0.05888
2.05687, -0.91357, 0.23833, 0.06477, 0.0425
2.065, -0.9174, 0.22735, 0.07051, 0.02495
2.07313, -0.92717, 0.21928, 0.07287, 0.00426
2.08125, -0.92657, 0.20839, 0.07265, -0.01915
2.08938, -0.9334, 0.19553, 0.06268, -0.04707
2.0975, -0.93797, 0.18317, 0.03821, -0.07003
2.10562, -0.95421, 0.1689, -0.00184, -0.08154
2.11375, -0.98624, 0.16195, -0.04405, -0.0726
2.12188, -1.016, 0.18352, -0.07449, -0.035
2.13, -1.02379, 0.21493, -0.07757, 0.0076
2.13813, -1.02358, 0.24349, -0.06332, 0.04607
2.14625, -1.00643, 0.25711, -0.02705, 0.06079
2.15437, -0.98493, 0.2692, -7.97211E-4, 0.05743
2.1625, -0.96362, 0.26632, 0.01552, 0.04347
2.17062, -0.95252, 0.25347, 0.01882, 0.029
2.17875, -0.95274, 0.24525, 0.01518, 0.02053
2.18688, -0.95451, 0.24148, 0.01209, 0.02189
2.195, -0.95724, 0.24241, 0.01443, 0.0246
2.20313, -0.95747, 0.2447, 0.02078, 0.02332
2.21125, -0.95146, 0.24951, 0.0291, 0.01949
2.21937, -0.94268, 0.25115, 0.03337, 0.00976
2.2275, -0.93355, 0.24783, 0.03316, -0.00146
2.23563, -0.92625, 0.23528, 0.02655, -0.01354
2.24375, -0.92734, 0.22319, 0.01581, -0.0166
2.25188, -0.93397, 0.21447, 0.00615, -0.01517
2.26, -0.94488, 0.20798, 7.71808E-4, -0.0112
2.26812, -0.95813, 0.21047, -8.67806E-4, -0.00675
2.27625, -0.96335, 0.21626, 4.97515E-4, -0.00495
2.28437, -0.96652, 0.21988, -3.67794E-4, -0.00765
2.2925, -0.97073, 0.22193, -0.00473, -0.00996
2.30063, -0.97799, 0.22831, -0.0101, -0.00932
2.30875, -0.98539, 0.23474, -0.02007, -0.0076
2.31688, -0.99036, 0.25371, -0.02726, 0.00367
2.325, -0.9874, 0.26995, -0.03015, 0.01729
2.33312, -0.9817, 0.28622, -0.02067, 0.03025
2.34125, -0.96256, 0.29441, -0.00792, 0.03641
2.34938, -0.94531, 0.29865, 2.19844E-4, 0.0362
2.3575, -0.93923, 0.2909, 0.00624, 0.03441
2.36563, -0.93007, 0.28793, 0.0129, 0.03288
2.37375, -0.92641, 0.28623, 0.0182, 0.03039
2.38188, -0.92225, 0.28218, 0.02415, 0.0261
2.39, -0.9214, 0.27934, 0.02916, 0.02028
2.39812, -0.91616, 0.2753, 0.03413, 0.01504
2.40625, -0.91629, 0.26712, 0.03775, 0.0046
2.41438, -0.91426, 0.26499, 0.03665, -0.0065
2.4225, -0.91215, 0.25829, 0.03172, -0.01832
2.43063, -0.91211, 0.25258, 0.02094, -0.0282
2.43875, -0.92333, 0.24632, 0.00504, -0.03069
2.44687, -0.93345, 0.24729, -0.00866, -0.02765
2.455, -0.94646, 0.25258, -0.019, -0.01962
2.46312, -0.95964, 0.26098, -0.02836, -0.01067
2.47125, -0.96564, 0.27408, -0.03289, 0.00419
2.47938, -0.96642, 0.2874, -0.03203, 0.01768
2.4875, -0.95997, 0.29958, -0.02572, 0.03161
2.49563, -0.95777, 0.3137, -0.01604, 0.04072
2.50375, -0.95033, 0.32352, -0.00488, 0.05058
2.51187, -0.93418, 0.33433, 0.01471, 0.05271
2.52, -0.91538, 0.34142, 0.03303, 0.04784
2.52813, -0.88976, 0.336, 0.05113, 0.03149
2.53625, -0.87356, 0.31712, 0.05479, 0.00935
2.54438, -0.86907, 0.29891, 0.04987, -0.00984
2.5525, -0.88103, 0.28031, 0.03418, -0.02328
2.56062, -0.89682, 0.27131, 0.01865, -0.0272
2.56875, -0.90772, 0.26989, 0.00525, -0.0203
2.57688, -0.91598, 0.27896, 0.0015, -0.01142
2.585, -0.91874, 0.28368, 0.00161, -0.00703
2.59313, -0.92118, 0.2839, 0.0037, -0.00616
2.60125, -0.92191, 0.2871, 0.00578, -0.00648
2.60938, -0.92233, 0.28707, 0.00504, -0.01126
2.6175, -0.92433, 0.28515, -6.57233E-4, -0.01481
2.62562, -0.92697, 0.28667, -0.01084, -0.01498
2.63375, -0.93032, 0.28943, -0.02247, -0.00783
2.64187, -0.93505, 0.29859, -0.02593, 0.00843
2.65, -0.93562, 0.31092, -0.01973, 0.02166
2.65813, -0.92551, 0.319, -0.00708, 0.02723
2.66625, -0.91696, 0.31968, 0.0045, 0.02478
2.67437, -0.90963, 0.31292, 0.00826, 0.02002
2.6825, -0.90803, 0.31103, 0.00991, 0.01499
2.69062, -0.90808, 0.30997, 0.00737, 0.01624
2.69875, -0.90455, 0.31184, 0.01142, 0.01814
2.70688, -0.90683, 0.30868, 0.01566, 0.01848
2.715, -0.90096, 0.30478, 0.02567, 0.01577
2.72313, -0.89863, 0.30306, 0.0328, 0.007
2.73125, -0.89243, 0.2961, 0.03731, -0.00763
2.73937, -0.89664, 0.28633, 0.02886, -0.02668
2.7475, -0.90538, 0.27433, 0.01031, -0.036
2.75563, -0.92283, 0.26887, -0.01153, -0.03652
2.76375, -0.94278, 0.27726, -0.02811, -0.02067
2.77188, -0.95444, 0.29473, -0.03286, -0.00274
2.78, -0.95456, 0.31415, -0.02849, 0.01314
2.78813, -0.94869, 0.32335, -0.01835, 0.02113
2.79625, -0.93755, 0.32992, -0.00982, 0.02359
2.80437, -0.93253, 0.33054, -0.00537, 0.0229
2.8125, -0.9301, 0.33031, -0.0017, 0.02296
2.82063, -0.92763, 0.33253, 0.003, 0.02423
2.82875, -0.9225, 0.33496, 0.00671, 0.02234
2.83688, -0.91976, 0.33802, 0.01007, 0.02263
2.845, -0.91566, 0.33588, 0.01583, 0.02122
2.85312, -0.91293, 0.33437, 0.02056, 0.0167
2.86125, -0.91019, 0.32967, 0.0228, 0.00693
2.86937, -0.91179, 0.32729, 0.01846, 3.86215E-4
2.8775, -0.9196, 0.322, 0.01493, -0.00301
2.88563, -0.92265, 0.3237, 0.0082, -0.00419
2.89375, -0.92601, 0.32346, 0.00356, -0.00286
2.90188, -0.93063, 0.32589, -3.33216E-4, -3.4912E-4
2.91, -0.93591, 0.33145, -0.00368, 0.00437
2.91812, -0.9398, 0.34011, -0.00528, 0.01025
2.92625, -0.93698, 0.34858, -0.00227, 0.01647
2.93438, -0.93475, 0.35786, 0.00544, 0.01949
2.9425, -0.92615, 0.36474, 0.01225, 0.01834
2.95063, -0.91874, 0.3657, 0.01362, 0.01156
2.95875, -0.91365, 0.36363, 0.01335, 0.00942
2.96687, -0.91278, 0.3616, 0.01056, 0.00807
2.975, -0.91068, 0.36609, 0.00981, 0.00939
2.98313, -0.90717, 0.36557, 0.01068, 0.01038
2.99125, -0.90624, 0.36361, 0.01228, 0.01092
2.99938, -0.90189, 0.3598, 0.01639, 0.01088
3.0075, -0.90661, 0.35768, 0.01639, 0.01104
3.01563, -0.90553, 0.35792, 0.02081, 0.00844
3.02375, -0.90503, 0.36045, 0.02312, 0.00235
3.03187, -0.90326, 0.3617, 0.02033, -0.00308
3.04, -0.9016, 0.3595, 0.01467, -0.00661
3.04813, -0.90795, 0.35891, 0.01007, -0.00505
3.05625, -0.90445, 0.35784, 0.0084, -0.00328
3.06438, -0.90637, 0.36184, 0.00638, -8.68482E-4
3.0725, -0.90283, 0.36381, 0.00799, 9.92423E-4
3.08062, -0.90599, 0.36612, 0.0083, 0.00125
3.08875, -0.90452, 0.36975, 0.00942, 8.27903E-4
3.09687, -0.90398, 0.37056, 0.00914, -9.04416E-4
3.105, -0.90832, 0.37554, 0.00743, -5.68312E-4
3.11313, -0.90452, 0.37504, 0.00583, -0.00202
3.12125, -0.90651, 0.38236, 0.00409, 1.02685E-4
3.12938, -0.90557, 0.38603, 0.00304, 0.00223
3.1375, -0.90475, 0.38958, 0.00148, 0.00764
3.14562, -0.90022, 0.39348, 0.00725, 0.01297
3.15375, -0.89301, 0.39391, 0.01567, 0.01184
3.16188, -0.8828, 0.39313, 0.02184, 0.00604
3.17, -0.87868, 0.38884, 0.02027, -6.69341E-4
3.17813, -0.87708, 0.38158, 0.01814, -0.0042
3.18625, -0.87813, 0.37817, 0.01594, -0.00679
3.19438, -0.8834, 0.3789, 0.01301, -0.00759
3.2025, -0.8869, 0.37901, 0.01051, -0.00947
3.21062, -0.88987, 0.37896, 0.00782, -0.00956
3.21875, -0.89303, 0.38255, 0.00576, -0.00767
3.22688, -0.8934, 0.38327, 0.00537, -0.00659
3.235, -0.89432, 0.38809, 0.00437, -0.00716
3.24313, -0.89481, 0.3925, 0.0032, -0.00758
3.25125, -0.89559, 0.39474, -4.63986E-4, -0.00782
3.25937, -0.89688, 0.39542, -0.00474, -0.00496
3.2675, -0.89888, 0.4017, -0.00646, 0.00236
3.27562, -0.89381, 0.40618, -0.00373, 0.00787
3.28375, -0.88858, 0.41217, 0.00199, 0.01192
3.29188, -0.88137, 0.41798, 0.0107, 0.01285
3.3, -0.87075, 0.41439, 0.0158, 0.00659
3.30813, -0.86556, 0.41023, 0.01701, 7.25395E-5
3.31625, -0.86745, 0.40623, 0.01319, -0.00551
3.32437, -0.86954, 0.40571, 0.00843, -0.00482
3.3325, -0.87124, 0.40494, 0.00711, -0.00462
3.34063, -0.87271, 0.40934, 0.00545, -0.00246
3.34875, -0.87108, 0.40978, 0.00805, -4.04475E-4
3.35688, -0.87071, 0.41067, 0.00861, -0.00135
3.365, -0.87238, 0.40889, 0.01255, -0.00243
3.37312, -0.87209, 0.40927, 0.01182, -0.00739
3.38125, -0.87284, 0.41146, 0.00991, -0.01118
3.38938, -0.86885, 0.40774, 0.00325, -0.01287
3.3975, -0.86749, 0.40466, -2.85351E-4, -0.01037
3.40563, -0.873, 0.39918, -0.00354, -0.00755
3.41375, -0.88055, 0.40548, -0.00489, -0.00204
3.42188, -0.88595, 0.41563, -0.00177, 0.00178
3.43, -0.87903, 0.42663, 9.8444E-4, 0.00317
3.43812, -0.87016, 0.43013, 0.00418, 0.00324
3.44625, -0.8698, 0.43035, 0.00443, 0.00124
3.45437, -0.86851, 0.42878, 0.00579, 0.00212
3.4625, -0.86615, 0.42721, 0.00713, 5.59471E-4
3.47063, -0.8662, 0.42875, 0.00703, -7.26906E-4
3.47875, -0.86377, 0.43018, 0.00746, -6.63305E-4
3.48687, -0.86491, 0.43545, 0.00862, -0.00112
3.495, -0.86072, 0.43568, 0.0108, -0.00358
3.50312, -0.85742, 0.43627, 0.01059, -0.00817
3.51125, -0.85635, 0.4321, 0.00725, -0.01204
3.51938, -0.86129, 0.43061, 0.00189, -0.01337
3.5275, -0.87034, 0.43064, -0.00366, -0.0115
3.53563, -0.87339, 0.43907, -0.00663, -0.00671
3.54375, -0.87245, 0.44658, -0.00593, -7.74878E-5
3.55187, -0.86879, 0.45134, -0.00237, 0.00186
3.56, -0.86335, 0.45599, 2.60406E-4, 0.00342
3.56813, -0.85649, 0.45874, 0.0032, 0.00227
3.57625, -0.85097, 0.45628, 0.00328, -5.08078E-6
3.58438, -0.84873, 0.45809, 0.00296, -0.00138
3.5925, -0.85109, 0.45508, 8.73431E-4, -0.00123
3.60063, -0.85142, 0.45707, 4.90429E-4, 5.51524E-4
3.60875, -0.85212, 0.4616, 0.00181, 9.76096E-4
3.61687, -0.85122, 0.46523, 0.0018, 0.00221
3.625, -0.85037, 0.46787, 0.00409, 0.00178
3.63313, -0.85069, 0.4699, 0.00444, 2.32141E-5
3.64125, -0.8545, 0.47116, 0.00476, 1.57289E-4
3.64938, -0.85473, 0.47851, 0.00401, -6.48877E-4
3.6575, -0.84936, 0.48542, 0.00483, -7.57154E-4
3.66562, -0.84548, 0.4867, 0.00368, -8.12046E-4
3.67375, -0.83709, 0.48974, 0.00481, -4.01351E-5
3.68187, -0.83295, 0.49191, 0.00618, -0.00158
3.69, -0.8319, 0.49582, 0.00545, -0.00338
3.69813, -0.82777, 0.49583, 0.00489, -0.00399
3.70625, -0.8242, 0.49683, 0.00295, -0.0048
3.71438, -0.82021, 0.49823, 0.00239, -0.00403
3.7225, -0.8179, 0.4999, 0.00169, -0.00399
3.73062, -0.81215, 0.50001, 0.00102, -0.00323
3.73875, -0.81512, 0.49749, 2.46138E-4, -0.00341
3.74688, -0.81585, 0.49432, -8.33041E-4, -0.00273
3.755, -0.81978, 0.49794, -0.0016, -0.00155
3.76313, -0.82082, 0.50624, -8.01458E-4, 4.29044E-5
3.77125, -0.8157, 0.51097, 8.56532E-4, 4.41157E-4
3.77937, -0.80896, 0.5155, 7.67966E-4, 1.3896E-4
3.7875, -0.80296, 0.5161, 5.2875E-4, 4.05792E-4
3.79563, -0.79933, 0.51785, 0.00183, 0.00119
3.80375, -0.79862, 0.52064, 0.00241, 0.00154
3.81188, -0.79412, 0.52066, 0.00393, 0.00126
3.82, -0.78709, 0.5204, 0.00478, 4.75378E-5
3.82813, -0.78565, 0.51928, 0.00462, -0.00116
3.83625, -0.78274, 0.51861, 0.00337, -0.00218
3.84437, -0.78469, 0.51974, 0.00303, -0.00208
3.8525, -0.78415, 0.52216, 0.00192, -0.00173
3.86062, -0.78105, 0.52688, 0.00249, -0.00139
3.86875, -0.78198, 0.5308, 0.00268, -0.00162
3.87688, -0.77655, 0.53618, 0.00352, -0.00183
3.885, -0.77203, 0.53968, 0.00353, -0.00313
3.89312, -0.76659, 0.53965, 0.00232, -0.00355
3.90125, -0.7617, 0.53785, 1.39953E-4, -0.00389
3.90937, -0.76073, 0.53869, -0.00169, -0.00278
3.9175, -0.75889, 0.53766, -0.0022, -7.54324E-4
3.92563, -0.75621, 0.5387, -9.98152E-4, 0.00107
3.93375, -0.75189, 0.54124, 8.41592E-4, 0.00224
3.94188, -0.7455, 0.54016, 0.00358, 0.00153
3.95, -0.74272, 0.53786, 0.00349, -1.49842E-4
3.95812, -0.74728, 0.53797, 0.00315, -0.00142
3.96625, -0.74336, 0.5397, 0.00194, -0.00211
3.97438, -0.74347, 0.54175, 0.00143, -0.00172
3.9825, -0.74364, 0.54548, 0.00122, -5.23405E-4
3.99063, -0.74209, 0.55038, 0.00169, -1.80029E-4
3.99875, -0.7359, 0.55325, 0.00228, -2.28067E-5
4.00688, -0.73084, 0.55475, 0.00327, -6.9109E-4
4.015, -0.72857, 0.55568, 0.00379, -0.00202
4.02313, -0.72467, 0.55619, 0.0034, -0.00407
4.03125, -0.72037, 0.55703, 0.00112, -0.00478
4.03937, -0.71767, 0.55841, -0.0015, -0.00405
4.0475, -0.71473, 0.56021, -0.00248, -0.00148
4.05563, -0.71354, 0.56368, -0.00176, 9.26312E-4
4.06375, -0.70816, 0.56398, 1.72092E-4, 0.00149
4.07188, -0.70121, 0.56457, 0.00163, 0.00127
4.08, -0.69928, 0.56481, 0.00192, -4.70297E-4
4.08812, -0.69706, 0.56491, 0.00132, -1.75055E-4
4.09625, -0.69398, 0.566, 5.18818E-4, 7.28263E-4
4.10438, -0.69085, 0.56622, 0.00152, 0.00161
4.1125, -0.6851, 0.57127, 0.00267, 0.00197
4.12063, -0.67859, 0.5708, 0.00564, 0.00204
4.12875, -0.6723, 0.56977, 0.00738, -0.0016
4.13687, -0.66819, 0.56399, 0.00574, -0.00431
4.145, -0.66804, 0.55899, 0.00293, -0.00639
4.15313, -0.66927, 0.55828, 1.53974E-4, -0.00582
4.16125, -0.67021, 0.5592, -0.00137, -0.00459
4.16937, -0.66912, 0.56331, -0.0027, -0.00289
4.1775, -0.67187, 0.56509, -0.00268, -3.92199E-4
4.18562, -0.66654, 0.56714, -0.00154, 0.00109
4.19375, -0.66341, 0.57254, 1.87219E-4, 0.00134
4.20188, -0.65812, 0.57362, 6.09284E-4, 5.87327E-4
4.21, -0.6524, 0.57492, 8.02123E-4, 6.13363E-5
4.21812, -0.64741, 0.57514, 6.32396E-4, 6.00914E-4
4.22625, -0.64298, 0.57461, 3.75139E-4, 0.00115
4.23438, -0.63934, 0.5767, 0.00153, 0.00199
4.2425, -0.63532, 0.57623, 0.0023, 0.00137
4.25063, -0.63064, 0.57634, 0.00252, 0.00107
4.25875, -0.62704, 0.57679, 0.00309, 0.00122
4.26687, -0.62308, 0.5768, 0.00401, 6.52991E-4
4.275, -0.61866, 0.57801, 0.00443, -0.00104
4.28313, -0.61403, 0.57715, 0.00377, -0.00188
4.29125, -0.61183, 0.57457, 0.003, -0.00194
4.29938, -0.60639, 0.57203, 0.00226, -0.0016
4.3075, -0.60438, 0.56899, 0.00258, -0.00191
4.31562, -0.60173, 0.5673, 0.00227, -0.00214
4.32375, -0.60072, 0.56616, 0.00231, -0.00291
4.33188, -0.60043, 0.56546, 9.37149E-4, -0.00332
4.34, -0.5992, 0.56726, 0.00162, -0.00308
4.34812, -0.59672, 0.5706, 6.72186E-4, -0.0041
4.35625, -0.5926, 0.57068, -0.00128, -0.00304
4.36437, -0.58865, 0.57169, -0.00224, -0.00138
4.3725, -0.58506, 0.57123, -0.00159, -2.03713E-4
4.38063, -0.5832, 0.57209, -5.20121E-4, 6.79119E-4
4.38875, -0.58054, 0.57284, 7.57053E-4, 7.45293E-4
4.39687, -0.57962, 0.5743, 0.00132, 6.38696E-4
4.405, -0.57441, 0.57465, 0.00151, -8.01355E-5
4.41313, -0.5692, 0.57548, 0.00142, 1.29127E-4
4.42125, -0.56486, 0.57547, 0.0018, 8.08934E-6
4.42938, -0.55913, 0.57519, 0.00271, -6.17376E-5
4.4375, -0.55419, 0.57402, 0.00332, -0.00145
4.44562, -0.5504, 0.57212, 0.00254, -0.00224
4.45375, -0.54939, 0.57154, 0.00232, -0.00327
4.46188, -0.54652, 0.57026, 8.1279E-4, -0.00384
4.47, -0.54348, 0.56969, -3.575E-4, -0.00305
4.47813, -0.54007, 0.57184, -0.00134, -0.00204
4.48625, -0.53726, 0.57126, -9.51342E-4, -9.23188E-4
4.49437, -0.53173, 0.57079, 4.88799E-5, -7.80761E-4
4.5025, -0.52827, 0.56768, -3.2826E-4, -0.00114
4.51063, -0.5239, 0.56452, -0.00116, -5.47593E-4
4.51875, -0.52149, 0.56173, -6.67485E-4, 2.3254E-4
4.52688, -0.52063, 0.56002, -4.93144E-4, -3.47546E-5
4.535, -0.5185, 0.56044, -1.48155E-4, 6.15128E-4
4.54312, -0.51603, 0.56167, -7.46038E-4, 0.00141
4.55125, -0.51244, 0.56352, 7.68627E-4, 0.00127
4.55938, -0.5095, 0.56309, 0.00131, 0.00114
4.5675, -0.50487, 0.56236, 0.00184, 1.57932E-4
4.57563, -0.50204, 0.56165, 7.68166E-4, -7.83295E-4
4.58375, -0.49684, 0.56104, 2.11034E-4, 2.97167E-4
4.59187, -0.49199, 0.55975, 5.25865E-4, 3.08848E-4
4.6, -0.49324, 0.5588, 8.93991E-4, 9.80602E-4
4.60813, -0.48879, 0.55701, 0.00163, 0.00146
4.61625, -0.48346, 0.55641, 0.00223, 9.07062E-4
4.62437, -0.47891, 0.55489, 0.00308, 2.96314E-4
4.6325, -0.47451, 0.55198, 0.00295, 4.25751E-6
4.64063, -0.47229, 0.55019, 0.00308, -7.65078E-4
4.64875, -0.46815, 0.54825, 0.00262, -0.00205
4.65688, -0.46411, 0.54614, 0.00181, -0.00233
4.665, -0.46182, 0.54639, 8.38174E-4, -0.00227
4.67312, -0.45747, 0.54445, 3.58851E-4, -0.0012
4.68125, -0.45442, 0.54405, 3.22509E-4, -0.00111
4.68938, -0.45055, 0.54107, 6.68814E-4, -0.00132
4.6975, -0.44664, 0.53867, 5.41523E-5, -0.00123
4.70562, -0.44307, 0.53657, -8.46337E-4, -0.0014
4.71375, -0.4435, 0.53335, -0.00109, -7.3614E-5
4.72187, -0.44061, 0.53131, -5.1812E-4, 0.0013
4.73, -0.43956, 0.53056, 7.70974E-4, 0.00214
4.73813, -0.43556, 0.53119, 0.00207, 0.00182
4.74625, -0.43229, 0.5309, 0.00342, 3.23817E-4
4.75437, -0.42719, 0.52922, 0.00381, -0.00115
4.7625, -0.42216, 0.52541, 0.00292, -0.00262
4.77062, -0.42019, 0.52056, 0.00135, -0.0031
4.77875, -0.42091, 0.51804, 2.97705E-5, -0.00302
4.78688, -0.41967, 0.51656, -2.99791E-4, -0.00191
4.795, -0.41839, 0.51729, -2.9127E-4, -0.00135
4.80312, -0.41483, 0.51894, 1.23302E-4, -0.001
4.81125, -0.40928, 0.51874, -1.32633E-4, -0.00146
4.81938, -0.40283, 0.51655, -0.0013, -0.00114
4.8275, -0.40055, 0.51376, -0.00192, 1.20771E-4
4.83563, -0.39608, 0.50652, -0.00114, 0.00216
4.84375, -0.3952, 0.5026, 1.40981E-4, 0.00237
4.85187, -0.39551, 0.50244, 0.0024, 0.00209
4.86, -0.39297, 0.5009, 0.00337, 2.18857E-4
4.86813, -0.38857, 0.49914, 0.00261, -0.00117
4.87625, -0.38392, 0.49661, 0.00126, -0.00138
4.88438, -0.38006, 0.49201, 8.62237E-4, -0.00109
4.8925, -0.37911, 0.48935, 8.61596E-4, -6.22224E-4
4.90062, -0.37698, 0.48483, 0.00111, -8.18161E-4
4.90875, -0.37619, 0.4827, 4.86297E-4, -0.0011
4.91688, -0.37526, 0.48219, 3.57423E-4, -3.55363E-4
4.925, -0.37365, 0.48106, 5.64573E-4, -3.06664E-4
4.93313, -0.37041, 0.47976, 8.7287E-4, -5.41783E-4
4.94125, -0.36886, 0.47823, 6.76386E-4, -9.28602E-4
4.94937, -0.36461, 0.47436, 7.5896E-4, -4.21197E-4
4.9575, -0.36247, 0.47151, 7.93377E-4, -2.88641E-4
4.96563, -0.36119, 0.46732, 7.34755E-4, 1.12029E-4
4.97375, -0.35967, 0.46363, 0.00101, -2.74855E-4
4.98188, -0.35744, 0.46147, 9.33892E-4, -2.11141E-4
4.99, -0.35464, 0.45955, 8.11836E-4, -6.43937E-5
4.99812, -0.35326, 0.45868, 0.00102, -2.24297E-4
5.00625, -0.35154, 0.45444, 0.00121, -4.08612E-4
5.01438, -0.35064, 0.45142, 0.00148, -4.32733E-4
5.0225, -0.34927, 0.45067, 0.00165, -0.00109
5.03062, -0.34729, 0.45003, 7.61536E-4, -0.00116
5.03875, -0.34394, 0.44803, 8.4727E-4, -7.37717E-4
5.04688, -0.34097, 0.44437, 9.40778E-4, -3.50357E-4
5.055, -0.34011, 0.44011, 0.00138, -3.12082E-4
5.06313, -0.3383, 0.43624, 0.00111, -3.80368E-4
5.07125, -0.33801, 0.43362, 0.00117, -3.5161E-4
5.07937, -0.33607, 0.4313, 0.00174, -4.73056E-4
5.0875, -0.33206, 0.43085, 0.00156, -7.76572E-4
5.09563, -0.32852, 0.42736, 0.00144, -0.00184
5.10375, -0.32627, 0.42228, 5.87533E-4, -0.00242
5.11188, -0.32768, 0.41641, -3.99715E-4, -0.00173
5.12, -0.32951, 0.41241, -0.00119, -6.53184E-4
5.12812, -0.33165, 0.4104, -1.4842E-5, 0.00112
5.13625, -0.33054, 0.41226, 0.00139, 0.00111
5.14438, -0.327, 0.41208, 0.00253, 2.05119E-4
5.1525, -0.32307, 0.41027, 0.00221, -8.79263E-4
5.16062, -0.32089, 0.40534, 0.00153, -0.0013
5.16875, -0.32163, 0.40089, 0.00144, -0.00112
5.17687, -0.32176, 0.39751, 0.00141, -0.00112
5.185, -0.31974, 0.39532, 0.00115, -8.95057E-4
5.19313, -0.31792, 0.39349, 0.00143, -9.24691E-4
5.20125, -0.31567, 0.39094, 0.00174, -0.00135
5.20937, -0.31389, 0.38688, 0.00167, -0.00185
5.2175, -0.31415, 0.383, 0.00148, -0.00263
5.22563, -0.31527, 0.38064, 3.97586E-4, -0.00279
5.23375, -0.31573, 0.37818, -6.78307E-4, -0.00252
5.24188, -0.31466, 0.37592, -0.00102, -0.00133
5.25, -0.31336, 0.37452, -0.00125, -5.42821E-4
5.25812, -0.31205, 0.37282, -3.47531E-4, 3.97033E-4
5.26625, -0.31095, 0.37066, 6.35263E-4, 0.0011
5.27438, -0.31036, 0.36724, 0.00166, 2.73614E-4
5.2825, -0.30922, 0.36501, 0.00205, -0.00136
5.29063, -0.30922, 0.36095, 0.00157, -0.00224
5.29875, -0.30687, 0.35757, 3.11545E-4, -0.0028
5.30687, -0.30554, 0.35266, -9.50139E-4, -0.00291
5.315, -0.30748, 0.34995, -0.00168, -0.00184
5.32313, -0.30997, 0.34681, -0.00224, -7.28705E-4
5.33125, -0.31088, 0.34638, -0.00188, 6.17667E-4
5.33938, -0.31208, 0.34585, -9.61074E-4, 8.80552E-4
5.3475, -0.31006, 0.34528, -7.25253E-4, 0.0011
5.35562, -0.30772, 0.34374, 2.59061E-4, 0.00131
5.36375, -0.30594, 0.34028, 9.1145E-4, 0.00153
5.37188, -0.30509, 0.33743, 0.00162, 7.14468E-4
5.38, -0.30461, 0.3346, 0.00118, 2.37367E-4
5.38812, -0.3053, 0.33309, 0.0012, 7.5653E-4
5.39625, -0.30641, 0.33009, 0.00142, 6.4978E-4
5.40437, -0.30426, 0.32705, 0.00251, 3.70175E-4
5.4125, -0.30217, 0.3223, 0.00288, -0.00107
5.42063, -0.30186, 0.31962, 0.00195, -0.00235
5.42875, -0.30401, 0.31645, 4.64534E-4, -0.00225
5.43687, -0.30526, 0.31454, -5.00379E-4, -0.00143
5.445, -0.30636, 0.31298, -8.39142E-5, -4.82163E-4
5.45313, -0.30612, 0.31238, 2.3817E-4, 7.13562E-5
5.46125, -0.30451, 0.31083, 8.71671E-4, -1.74261E-5
5.46938, -0.30246, 0.30796, 0.00101, 1.03235E-4
5.4775, -0.30454, 0.3052, 0.00109, 4.03163E-4
5.48562, -0.30514, 0.30185, 0.00199, 5.86434E-4
5.49375, -0.30616, 0.30071, 0.00288, -4.51724E-4
5.50188, -0.30441, 0.29959, 0.00276, -0.00215
5.51, -0.30216, 0.29494, 0.00109, -0.00314
5.51812, -0.30228, 0.28819, -2.78843E-4, -0.00272
5.52625, -0.30517, 0.2836, -9.41091E-4, -0.00107
5.53437, -0.31063, 0.28253, 1.87819E-7, -2.77187E-4
5.5425, -0.31355, 0.28605, 9.63492E-4, -5.8364E-4
5.55063, -0.31269, 0.28709, 0.00106, -0.00146
5.55875, -0.30955, 0.2871, 3.83767E-4, -9.90805E-4
5.56687, -0.30748, 0.28407, 3.55856E-4, -9.25672E-4
5.575, -0.307, 0.27924, 5.14517E-4, -9.41347E-4
5.58312, -0.30832, 0.27719, 8.34817E-4, -0.00117
5.59125, -0.31006, 0.27545, 1.14761E-4, -0.00133
5.59938, -0.31042, 0.27632, -2.81325E-4, -0.00119
5.6075, -0.30888, 0.27678, -7.66433E-5, -8.86357E-4
5.61562, -0.30688, 0.27541, 2.03686E-4, -4.8067E-4
5.62375, -0.30533, 0.2707, 5.33815E-4, -0.00122
5.63188, -0.30635, 0.26566, 5.52093E-6, -0.00131
5.64, -0.30941, 0.26201, -5.82021E-4, -8.43258E-4
5.64813, -0.3131, 0.26153, -9.0366E-4, 2.70555E-4
5.65625, -0.3143, 0.26088, 2.23023E-4, 0.00194
5.66437, -0.31378, 0.26072, 0.00147, 0.00179
5.6725, -0.3124, 0.25989, 0.00294, 8.57135E-4
5.68063, -0.31077, 0.258, 0.0032, -3.56824E-4
5.68875, -0.31059, 0.25453, 0.00264, -0.0014
5.69688, -0.31192, 0.25169, 0.00216, -0.002
5.705, -0.31353, 0.25067, 0.0021, -0.00189
5.71312, -0.3156, 0.25022, 0.00135, -0.00237
5.72125, -0.31339, 0.24789, 8.9778E-4, -0.00251
5.72938, -0.31231, 0.24289, 1.49413E-4, -0.00251
5.7375, -0.31562, 0.23805, -2.94414E-4, -0.00195
5.74563, -0.32096, 0.23623, 2.14785E-4, -9.93826E-4
5.75375, -0.32403, 0.238, 8.57443E-4, -0.0016
5.76187, -0.32437, 0.24265, 1.90624E-4, -0.00221
5.77, -0.32223, 0.24373, -3.07943E-4, -0.00177
5.77813, -0.31859, 0.24219, -7.49978E-4, -9.88039E-4
5.78625, -0.31667, 0.23831, -1.99946E-4, -1.00527E-4
5.79438, -0.31735, 0.2336, 7.15046E-4, -3.6196E-4
5.8025, -0.31949, 0.23067, 0.00141, -8.25531E-4
5.81062, -0.32266, 0.23037, 0.00139, -0.00215
5.81875, -0.32276, 0.2323, 7.93738E-4, -0.00234
5.82688, -0.32199, 0.23259, 1.26816E-5, -0.00268
5.835, -0.31953, 0.23007, -0.00106, -0.00179
5.84312, -0.31997, 0.22543, -9.17014E-4, -9.83476E-4
5.85125, -0.32192, 0.22177, -3.20071E-4, -8.98213E-4
5.85938, -0.32593, 0.22008, -2.7086E-4, -7.53653E-4
5.8675, -0.32911, 0.22047, 3.44721E-4, -0.00117
5.87563, -0.33002, 0.22127, 4.78285E-4, -0.00143
5.88375, -0.32852, 0.2211, -2.91702E-4, -0.00182
5.89187, -0.32679, 0.2209, -5.42529E-4, -0.00167
5.9, -0.32587, 0.21761, -8.77845E-4, -0.00177
5.90813, -0.32748, 0.21408, -0.00131, -9.91287E-4
5.91625, -0.33007, 0.21318, -0.00127, 7.48791E-6
5.92437, -0.33136, 0.21412, -4.43351E-4, 5.12702E-4
5.9325, -0.32982, 0.21516, 1.96982E-4, 1.51037E-4
5.94062, -0.33051, 0.21123, 0.00107, -5.43954E-4
5.94875, -0.33136, 0.20585, 7.48451E-4, -0.00102
5.95688, -0.33482, 0.20316, 3.04615E-4, -9.97721E-4
5.965, -0.33923, 0.20511, 2.87714E-4, -0.00107
5.97312, -0.34261, 0.20844, -9.34992E-5, -0.00114
5.98125, -0.34169, 0.21139, 1.50484E-5, -9.24615E-4
5.98937, -0.33883, 0.21175, 9.4014E-5, -8.52965E-4
5.9975, -0.33571, 0.20945, 9.28055E-5, -7.3565E-4
6.00563, -0.3349, 0.20638, 6.51801E-4, -7.76382E-4
6.01375, -0.3364, 0.20437, 0.00104, -0.00172
6.02187, -0.33796, 0.20411, 4.39243E-4, -0.00249
6.03, -0.33768, 0.20425, -5.73789E-4, -0.00254
6.03813, -0.33583, 0.20383, -0.00117, -0.002
6.04625, -0.33646, 0.20156, -0.00149, -8.5162E-4
6.05438, -0.33719, 0.19737, -7.67014E-4, -9.7413E-4
6.0625, -0.33866, 0.19287, -9.14704E-4, -0.00121
6.07062, -0.34048, 0.19095, -6.07287E-4, -0.00138
6.07875, -0.34462, 0.19359, -8.9148E-4, -0.00114
6.08688, -0.34716, 0.19416, -9.74169E-4, -0.00109
6.095, -0.34772, 0.1951, -0.00128, -5.75084E-4
6.10313, -0.34561, 0.19568, -9.81349E-4, -6.63596E-4
6.11125, -0.34385, 0.19472, -0.0013, 1.39273E-4
6.11937, -0.3437, 0.19223, -0.00112, 8.00008E-4
6.1275, -0.34621, 0.19061, -1.76221E-4, 6.34038E-4
6.13563, -0.34783, 0.19065, 3.71187E-4, 1.05479E-4
6.14375, -0.34695, 0.19148, 8.88599E-5, -4.26453E-4
6.15188, -0.34681, 0.19119, 1.46185E-4, -5.21797E-4
6.16, -0.35037, 0.18667, -1.99502E-4, -3.55218E-4
6.16812, -0.35172, 0.18411, 2.34749E-4, 1.12538E-4
6.17625, -0.3543, 0.18296, 2.69679E-4, -6.18983E-4
6.18438, -0.35605, 0.18569, 1.63997E-4, -8.20269E-4
6.1925, -0.35682, 0.1904, -7.71383E-5, -9.07849E-4
6.20062, -0.35558, 0.19236, 4.37669E-5, -8.75889E-4
6.20875, -0.35176, 0.19096, -5.89247E-4, -0.00106
6.21687, -0.35018, 0.18832, -0.00101, -8.29296E-4
6.225, -0.35071, 0.18412, -9.53158E-4, -4.91388E-4
6.23313, -0.35433, 0.18357, -8.14306E-4, 5.44695E-5
6.24125, -0.35561, 0.18622, -4.07729E-4, 3.31209E-4
6.24937, -0.35362, 0.18864, 1.72851E-4, 2.00499E-4
6.2575, -0.34927, 0.18808, 3.37882E-4, -7.99456E-4
6.26563, -0.34729, 0.18324, -2.56757E-4, -7.78039E-4
6.27375, -0.34944, 0.17909, -7.06252E-4, -5.8315E-4
6.28188, -0.35502, 0.17267, -7.92678E-4, 3.25048E-5
6.29, -0.35896, 0.17217, -2.86412E-4, 4.52801E-4
6.29812, -0.36371, 0.17772, 3.4725E-4, 5.84702E-4
6.30625, -0.36382, 0.18087, 6.92522E-4, -1.12135E-4
6.31438, -0.36145, 0.18311, 7.12291E-4, -4.78278E-4
6.3225, -0.35649, 0.18217, -2.88811E-4, -8.82635E-4
6.33063, -0.35483, 0.17763, -1.11358E-4, -5.61504E-4
6.33875, -0.35741, 0.17328, -3.79469E-4, -4.44506E-4
6.34687, -0.36234, 0.17372, -4.93136E-4, -1.49618E-4
6.355, -0.36349, 0.177, -6.38111E-5, 5.59622E-4
6.36313, -0.36167, 0.1794, 2.27893E-4, 8.05987E-5
6.37125, -0.36258, 0.17609, 8.89706E-4, -4.38678E-4
6.37937, -0.36341, 0.17236, 6.77117E-4, -0.00133
6.3875, -0.367, 0.17199, 2.05572E-4, -0.0023
6.39562, -0.36929, 0.17392, -8.42934E-4, -0.00201
6.40375, -0.36855, 0.17771, -0.00195, -0.00164
6.41188, -0.365, 0.18023, -0.00188, -5.56816E-4
6.42, -0.36287, 0.17987, -0.00139, 3.02012E-4
6.42812, -0.3604, 0.1762, -6.28501E-4, 4.31673E-4
6.43625, -0.36192, 0.17166, -2.94864E-4, 1.93163E-4
6.44438, -0.3658, 0.16979, 1.13713E-4, 5.05532E-5
6.4525, -0.3698, 0.17252, -9.55755E-6, 5.74009E-5
6.46063, -0.36888, 0.17677, 1.95933E-4, -4.0256E-4
6.46875, -0.36446, 0.1784, 1.99233E-4, -1.88688E-4
6.47687, -0.361, 0.17648, 2.23807E-4, -6.76882E-4
6.485, -0.36153, 0.17051, -1.7497E-5, -3.62603E-4
6.49313, -0.36473, 0.16688, -2.03266E-4, -6.19783E-5
6.50125, -0.37101, 0.16617, -3.75802E-4, -1.64252E-4
6.50938, -0.37515, 0.16979, -3.93623E-4, -4.09402E-4
6.5175, -0.37502, 0.17551, -3.59342E-4, 2.17911E-4
6.52562, -0.37016, 0.17698, 2.0869E-4, -7.97618E-5
6.53375, -0.36614, 0.1747, 1.35044E-4, -9.215E-4
6.54188, -0.36601, 0.16886, -5.18955E-4, -6.11204E-4
6.55, -0.36947, 0.16667, -0.00108, -4.43566E-4
6.55813, -0.37382, 0.1674, -0.00106, 3.68079E-5
6.56625, -0.37436, 0.17181, -0.00102, 6.36182E-4
6.57437, -0.3713, 0.17401, -3.16964E-4, 5.15566E-4
6.5825, -0.36772, 0.17261, 7.5941E-4, 4.16334E-4
6.59063, -0.36854, 0.16835, 6.86257E-4, -2.27701E-4
6.59875, -0.37181, 0.16569, 6.37266E-4, -5.82214E-4
6.60688, -0.37716, 0.16565, 5.24561E-5, -9.7242E-4
6.615, -0.38111, 0.17014, -7.33544E-4, -0.00119
6.62312, -0.38048, 0.17484, -8.31376E-4, -4.75425E-4
6.63125, -0.37456, 0.1776, -0.0015, -3.69881E-4
6.63938, -0.36801, 0.17442, -0.00104, 4.71561E-4
6.6475, -0.36733, 0.16709, 3.03961E-5, 8.19745E-4
6.65562, -0.37193, 0.16345, 3.18949E-4, -3.14953E-5
6.66375, -0.37678, 0.16606, 5.59925E-5, -3.51606E-4
6.67188, -0.37562, 0.17015, -6.27937E-4, 3.79046E-4
6.68, -0.37154, 0.17028, -8.14245E-4, 6.71599E-4
6.68813, -0.36867, 0.16723, 6.12481E-4, 0.00122
6.69625, -0.36941, 0.16273, 0.00111, -2.29391E-4
6.70437, -0.37526, 0.15582, 0.00115, -6.94718E-4
6.7125, -0.38269, 0.15566, 4.41164E-4, -0.0012
6.72063, -0.38759, 0.16291, -4.48902E-4, -0.0013
6.72875, -0.38629, 0.17388, -7.54008E-4, -5.12541E-4
6.73687, -0.37868, 0.17622, -8.27935E-4, -3.14237E-4
6.745, -0.37275, 0.17196, -8.90355E-4, -2.15755E-5
6.75312, -0.37203, 0.165, -4.95452E-4, 1.27195E-4
6.76125, -0.3779, 0.16148, -4.12029E-4, 2.65101E-4
6.76938, -0.38527, 0.16546, -4.02234E-5, 4.25962E-4
6.7775, -0.38398, 0.17412, -2.17611E-4, 2.82898E-5
6.78562, -0.37625, 0.17797, -3.62162E-4, 1.64198E-4
6.79375, -0.3692, 0.17457, -2.85593E-4, 3.18431E-4
6.80187, -0.36845, 0.16737, -1.26188E-4, 0.00121
6.81, -0.37257, 0.16252, 5.30283E-4, 5.90966E-4
6.81813, -0.37835, 0.16024, 9.83862E-4, 2.53225E-4
6.82625, -0.38454, 0.16357, 9.1713E-4, -3.9539E-5
6.83437, -0.38626, 0.17173, 8.29786E-4, -1.32137E-4
6.8425, -0.38019, 0.17649, 4.83305E-4, -3.99044E-4
6.85063, -0.37349, 0.1734, 4.694E-4, -2.9606E-4
6.85875, -0.37071, 0.16685, 7.21308E-5, -2.08714E-4
6.86688, -0.3741, 0.16119, 1.70642E-4, 8.25056E-5
6.875, -0.38047, 0.16262, 0.00128, 1.27235E-4
6.88312, -0.38095, 0.16771, 0.00131, -4.38021E-4
6.89125, -0.37675, 0.17042, 9.31317E-4, -0.00142
6.89938, -0.37255, 0.16915, 1.46269E-4, -0.00157
6.9075, -0.37474, 0.16334, -8.02662E-4, -9.92325E-4
6.91563, -0.3753, 0.15902, -7.67668E-4, -2.08032E-4
6.92375, -0.38105, 0.15734, -3.64035E-4, -1.11389E-4
6.93187, -0.3845, 0.16173, 2.111E-4, -1.73109E-5
6.94, -0.38778, 0.16733, 3.06479E-4, -2.5715E-4
6.94813, -0.38526, 0.17169, 1.09054E-4, -7.1292E-4
6.95625, -0.38253, 0.17317, 3.54184E-5, -3.29197E-5
6.96438, -0.37819, 0.17147, 2.11159E-4, -4.03837E-4
6.9725, -0.37684, 0.16733, 4.33564E-4, -5.68558E-4
6.98062, -0.37924, 0.16569, 6.07759E-4, -6.72494E-4
6.98875, -0.38086, 0.17005, 1.87114E-4, -8.73204E-4
6.99688, -0.37827, 0.17304, 6.0661E-4, -7.43734E-4
7.005, -0.37361, 0.17276, 3.79735E-5, -0.00142
7.01312, -0.37049, 0.1688, -1.06392E-4, -0.00165
7.02125, -0.37054, 0.16568, -0.00101, -8.57381E-4
7.02937, -0.37506, 0.15944, -0.00125, -2.7175E-4
7.0375, -0.38038, 0.15853, -8.44484E-4, -9.61568E-5
7.04563, -0.38661, 0.16327, -4.19726E-4, -7.53319E-5
7.05375, -0.38529, 0.17302, -2.41288E-4, -8.73391E-4
7.06187, -0.37846, 0.17801, -6.38857E-4, -8.75069E-4
7.07, -0.3706, 0.17435, -0.00119, -2.90866E-4
7.07813, -0.36911, 0.16604, -0.00126, 2.53885E-4
7.08625, -0.37332, 0.16024, -4.74118E-4, 8.94864E-4
7.09438, -0.3787, 0.16309, 1.7949E-4, 6.26011E-4
7.1025, -0.37775, 0.16898, 8.68121E-4, 3.23408E-5
7.11062, -0.37419, 0.16971, 3.65011E-4, -0.00142
7.11875, -0.37242, 0.16758, 7.45222E-5, -9.77396E-4
7.12688, -0.37097, 0.16544, -9.28988E-4, -7.70144E-4
7.135, -0.37373, 0.16108, -8.94951E-4, -4.05779E-4
7.14313, -0.37716, 0.15821, -6.9111E-5, -5.50379E-4
7.15125, -0.38341, 0.15876, -5.62877E-4, -2.7814E-4
7.15937, -0.38558, 0.16607, -4.1031E-4, -6.60056E-4
7.1675, -0.38508, 0.17169, -7.48018E-4, -5.08349E-4
7.17563, -0.38161, 0.17458, -7.49417E-4, -3.87687E-4
7.18375, -0.37769, 0.17643, -6.08499E-4, -5.47831E-4
7.19187, -0.37562, 0.17478, -0.00121, -4.04972E-4
7.2, -0.3733, 0.17368, -0.00169, -2.22332E-4
7.20812, -0.36992, 0.1733, -0.00133, 0.00101
7.21625, -0.36652, 0.17052, -7.72847E-4, 0.00113
7.22438, -0.36791, 0.16668, -7.1071E-5, 5.3589E-4
7.2325, -0.37065, 0.16397, -9.24841E-4, 3.58012E-4
7.24062, -0.3733, 0.16299, -9.41091E-4, 8.45591E-4
7.24875, -0.3761, 0.16345, -8.9933E-4, 6.04101E-4
7.25688, -0.38108, 0.16634, -1.12244E-4, 0.00108
7.265, -0.38161, 0.17348, -1.54169E-5, 3.61124E-4
7.27313, -0.37607, 0.17726, -3.23194E-4, 3.08959E-4
7.28125, -0.36802, 0.17392, -7.4626E-4, 5.99951E-4
7.28937, -0.36518, 0.1677, -2.68995E-4, 9.34697E-4
7.2975, -0.3693, 0.16198, -1.1638E-4, 8.07901E-4
7.30563, -0.37701, 0.16259, 2.93353E-4, 5.56382E-4
7.31375, -0.37817, 0.16924, -1.88582E-4, 3.92245E-4
7.32188, -0.37177, 0.17286, -3.89767E-4, 1.14041E-4
7.33, -0.36634, 0.17053, -7.68355E-4, 1.96731E-4
7.33812, -0.36712, 0.16666, -0.00125, 0.00105
7.34625, -0.37048, 0.1635, -4.10404E-4, 0.00159
7.35438, -0.37529, 0.16181, 4.11962E-5, 0.00175
7.3625, -0.38165, 0.16554, 9.97215E-4, 0.00166
7.37063, -0.3845, 0.17462, 0.00157, 8.72884E-4
7.37875, -0.37398, 0.18104, 0.00127, 2.29941E-4
7.38687, -0.36618, 0.18017, 0.00124, -7.29673E-5
7.395, -0.36208, 0.17197, 7.54119E-4, -3.79784E-4
7.40313, -0.36639, 0.1652, 4.23402E-4, -5.3718E-5
7.41125, -0.37355, 0.16903, 2.89385E-4, 5.01931E-4
7.41937, -0.37267, 0.17724, 9.67335E-4, 1.85617E-4
7.4275, -0.36404, 0.1784, 8.76315E-4, -8.90336E-5
7.43562, -0.35631, 0.17268, 8.77246E-4, -6.20292E-5
7.44375, -0.35869, 0.16496, 6.04661E-4, -3.0639E-4
7.45188, -0.3617, 0.16175, 6.80716E-4, -4.40493E-4
7.46, -0.36729, 0.15782, 8.74235E-4, -2.95163E-4
7.46812, -0.3765, 0.16152, 4.64563E-4, -3.87841E-4
7.47625, -0.38132, 0.17365, 3.32821E-4, -3.20953E-4
7.48438, -0.37328, 0.18599, 4.89447E-4, -7.77339E-4
7.4925, -0.36013, 0.18563, 2.41784E-4, -7.87213E-4
7.50063, -0.35316, 0.17362, 4.54844E-4, -9.03101E-4
7.50875, -0.35579, 0.16134, -3.18127E-5, -6.87268E-4
7.51687, -0.36732, 0.15988, -1.20248E-4, -7.18332E-4
7.525, -0.37224, 0.16929, -5.10724E-4, -3.68515E-4
7.53313, -0.36659, 0.17642, -1.20138E-4, 1.28129E-4
7.54125, -0.35908, 0.17481, 4.15073E-4, 1.02385E-5
7.54937, -0.35689, 0.16934, 1.92029E-4, -5.12275E-4
7.5575, -0.36061, 0.1645, 2.13362E-4, -4.90538E-4
7.56562, -0.36496, 0.16146, -2.01897E-4, -4.97151E-4
7.57375, -0.37323, 0.16196, -2.78993E-4, -1.3838E-4
7.58188, -0.37649, 0.17616, 4.06031E-4, -1.5239E-4
7.59, -0.36809, 0.18562, 6.52622E-4, -3.69808E-4
7.59812, -0.35664, 0.18478, 6.50887E-4, -6.7364E-4
7.60625, -0.35099, 0.17692, 3.79369E-4, -2.8217E-4
7.61437, -0.35376, 0.16752, 6.01083E-4, -4.81073E-4
7.6225, -0.3604, 0.16627, 1.76176E-4, -2.61784E-4
7.63063, -0.3613, 0.17169, -6.23794E-5, -9.05399E-4
7.63875, -0.35592, 0.17455, 3.986E-4, -4.67377E-4
7.64687, -0.35203, 0.1713, 1.72012E-4, -1.27533E-4
7.655, -0.35318, 0.16628, 2.66117E-4, -5.48533E-4
7.66313, -0.35662, 0.16479, 0.0011, -5.93226E-4
7.67125, -0.35967, 0.16595, 5.56858E-4, -0.0013
7.67938, -0.3655, 0.16806, 1.30228E-4, -0.00116
7.6875, -0.36433, 0.17504, 1.86642E-4, -0.00182
7.69562, -0.35658, 0.18221, -6.83556E-4, -9.10658E-4
7.70375, -0.34834, 0.1795, -6.75497E-4, -8.15226E-4
7.71188, -0.34407, 0.17132, -4.86537E-4, -3.61646E-4
7.72, -0.34876, 0.16517, -3.46339E-4, -3.63473E-4
7.72813, -0.35738, 0.16471, 1.25507E-4, -4.46969E-4
7.73625, -0.36006, 0.17044, -3.87053E-5, -6.86231E-4
7.74437, -0.35462, 0.17625, -1.43861E-4, -7.93505E-4
7.7525, -0.34801, 0.1767, -2.5984E-4, -6.92568E-4
7.76063, -0.34549, 0.17199, -4.68194E-4, -7.05617E-4
7.76875, -0.34659, 0.16801, -2.38569E-4, -3.87739E-4
7.77688, -0.34861, 0.16499, -9.74598E-5, -3.73289E-4
7.785, -0.35799, 0.16377, -2.71899E-4, -2.7331E-4
7.79312, -0.3615, 0.17189, -4.65286E-4, -7.72054E-4
7.80125, -0.35456, 0.18107, -4.77629E-5, -4.1973E-4
7.80938, -0.34386, 0.18233, -1.42066E-4, -9.36346E-4
7.8175, -0.33787, 0.17325, -3.11167E-4, -0.00132
7.82563, -0.34239, 0.16538, -6.16391E-4, -0.00116
7.83375, -0.35002, 0.16688, -0.0013, -0.00122
7.84187, -0.35212, 0.17259, -0.0019, -5.00725E-4
7.85, -0.34507, 0.17477, -0.00208, 1.75736E-4
7.85813, -0.3399, 0.17086, -9.5234E-4, 7.59683E-4
7.86625, -0.34122, 0.16669, -4.86322E-4, 9.54184E-4
7.87437, -0.3445, 0.16487, 1.51789E-4, 3.03924E-4
7.8825, -0.34876, 0.16454, -4.11086E-4, 2.64309E-4
7.89063, -0.35506, 0.16896, -3.96808E-4, 2.64356E-4
7.89875, -0.35234, 0.18041, -1.99035E-6, -4.81292E-5
7.90688, -0.34078, 0.18709, 3.76684E-4, -6.8499E-5
7.915, -0.32907, 0.18104, 4.23912E-4, -1.64585E-4
7.92312, -0.32673, 0.16709, 2.78396E-4, 2.23439E-5
7.93125, -0.33387, 0.15557, 3.06289E-5, -7.23603E-4
7.93938, -0.34753, 0.1546, -2.72208E-4, -8.69767E-4
7.9475, -0.35633, 0.16704, -3.47127E-4, -4.05043E-4
7.95562, -0.35209, 0.18059, -0.00108, -5.60347E-4
7.96375, -0.33891, 0.18318, -0.00102, -8.35237E-4
7.97187, -0.33046, 0.17761, -9.036E-4, -1.94801E-4
7.98, -0.32782, 0.17163, -5.79603E-4, -2.37595E-4
7.98813, -0.33054, 0.16596, -3.3835E-4, -2.10049E-4
7.99625, -0.33536, 0.16273, -3.20442E-4, 3.12704E-4
8.00437, -0.34348, 0.1649, -2.01566E-4, -3.00043E-4
8.0125, -0.34469, 0.17451, -5.47511E-4, -2.60868E-4
8.02063, -0.33793, 0.1787, -1.77282E-4, -3.1665E-4
8.02875, -0.32822, 0.17599, -6.28351E-4, -4.12456E-4
8.03688, -0.32727, 0.16848, -6.33382E-4, -6.54356E-4
8.045, -0.33199, 0.16279, -7.77418E-4, -3.00642E-4
8.05312, -0.3383, 0.16551, -7.03787E-4, -2.35961E-4
8.06125, -0.33877, 0.1725, -9.22371E-4, 1.25298E-7
8.06938, -0.33359, 0.17525, -2.78358E-4, 2.06116E-4
8.0775, -0.32805, 0.17398, -5.17823E-4, 2.58564E-4
8.08563, -0.32578, 0.17096, -4.62912E-4, 1.23244E-4
8.09375, -0.32713, 0.16873, -2.57744E-4, 4.88763E-4
8.10187, -0.32894, 0.16918, -0.00101, -2.37484E-4
8.11, -0.33038, 0.17137, -7.9005E-4, 3.78963E-4
8.11812, -0.32799, 0.17458, -6.29076E-4, 2.66793E-4
8.12625, -0.32386, 0.17598, -7.49848E-4, 5.65345E-4
8.13438, -0.32001, 0.17336, -6.20761E-4, 5.47382E-4
8.1425, -0.32028, 0.16835, -1.68152E-4, 3.59989E-4
8.15062, -0.32388, 0.1652, -6.16896E-4, 4.21925E-4
8.15875, -0.32745, 0.1655, -6.37002E-4, 3.73565E-4
8.16687, -0.32723, 0.16951, -4.82456E-4, 3.3772E-4
8.175, -0.3241, 0.17301, -5.88044E-4, 5.55584E-4
8.18313, -0.31941, 0.17345, -4.17096E-4, 3.97665E-4
8.19125, -0.31552, 0.17088, -2.77135E-4, 6.76161E-4
8.19937, -0.3136, 0.1672, -1.23863E-4, 8.07899E-4
8.2075, -0.31522, 0.16426, 2.70228E-5, 0.00135
8.21562, -0.31879, 0.16334, 9.11018E-4, 5.77118E-4
8.22375, -0.32302, 0.16624, 7.50274E-4, 4.78185E-4
8.23188, -0.32131, 0.16965, 2.28936E-5, -4.00279E-4
8.24, -0.31739, 0.17104, 2.28997E-4, -5.31948E-4
8.24812, -0.31427, 0.16921, -5.11785E-4, 5.54228E-5
8.25625, -0.31445, 0.16578, -8.53332E-4, -1.37093E-4
8.26437, -0.31749, 0.16349, -0.00127, -3.1443E-4
8.2725, -0.31846, 0.16468, -0.001, 4.89784E-4
8.28063, -0.31738, 0.16849, -0.00108, 7.7864E-4
8.28875, -0.31404, 0.17088, -5.62787E-4, 0.00126
8.29688, -0.31106, 0.17028, 2.59499E-4, 0.00163
8.305, -0.3083, 0.16855, 3.2717E-4, 8.69309E-4
8.31312, -0.30655, 0.16807, 3.32159E-4, 5.88449E-4
8.32125, -0.30898, 0.16474, 1.81796E-5, 7.37808E-4
8.32938, -0.30831, 0.16333, 1.12474E-4, 6.39313E-4
8.3375, -0.30764, 0.16597, 2.71486E-4, 3.77761E-4
8.34563, -0.30832, 0.16714, 4.43415E-4, 7.5235E-5
8.35375, -0.30734, 0.167, 2.97344E-4, 3.10044E-4
8.36187, -0.30577, 0.16794, 4.83004E-4, 2.45972E-4
8.37, -0.30497, 0.16706, 2.17886E-4, 2.69133E-4
8.37813, -0.30401, 0.16565, 1.5205E-5, 2.32189E-4
8.38625, -0.30232, 0.16486, 1.77646E-4, -2.61078E-4
8.39438, -0.30009, 0.16424, -4.72691E-5, 2.26151E-5
8.4025, -0.29854, 0.16266, -2.85324E-4, 3.28542E-4
8.41062, -0.29904, 0.16061, -1.71172E-4, 1.06996E-4
8.41875, -0.30058, 0.15979, -3.07463E-4, 1.77559E-4
8.42688, -0.302, 0.16022, 2.84887E-4, 6.46004E-4
8.435, -0.30567, 0.16132, 3.45319E-4, 4.79031E-4
8.44313, -0.3042, 0.16414, 2.58723E-4, 6.28159E-4
8.45125, -0.30082, 0.16765, 9.69276E-5, -2.91455E-4
8.45937, -0.29699, 0.16581, 1.71373E-4, -1.54629E-4
8.4675, -0.29584, 0.16274, -4.03394E-4, -1.1964E-4
8.47563, -0.29726, 0.16134, -5.42625E-4, 5.30012E-4
8.48375, -0.29911, 0.16182, 8.05775E-5, 0.00136
8.49188, -0.29918, 0.16257, 1.3632E-4, 0.00109
8.5, -0.29588, 0.16316, 2.23279E-4, 8.53895E-4
8.50812, -0.29335, 0.16292, 0.00105, 3.9505E-4
8.51625, -0.29175, 0.16314, 9.46884E-4, 9.5837E-5
8.52437, -0.29096, 0.16177, 7.76105E-4, -8.71496E-5
8.5325, -0.29102, 0.16163, 4.08908E-4, -4.04891E-4
8.54063, -0.29018, 0.16196, 2.77064E-4, -2.46419E-4
8.54875, -0.28917, 0.16433, 1.91011E-4, 1.1961E-4
8.55687, -0.28747, 0.1658, 5.71462E-4, 3.09222E-4
8.565, -0.28511, 0.16543, 6.88805E-4, -4.44748E-5
8.57312, -0.28233, 0.16239, 6.49874E-5, -1.50502E-4
8.58125, -0.28056, 0.15851, 5.57345E-5, -4.69854E-5
8.58938, -0.28367, 0.15428, -6.66604E-4, -1.68914E-5
8.5975, -0.28906, 0.15533, 3.16154E-5, 1.3577E-4
8.60562, -0.28922, 0.16056, -3.6982E-4, 4.51389E-4
8.61375, -0.28284, 0.16278, -4.7489E-5, -1.83076E-4
8.62187, -0.27753, 0.15989, -1.22371E-4, 3.22044E-4
8.63, -0.27683, 0.157, -6.30046E-4, 4.50231E-4
8.63813, -0.27733, 0.15506, -1.92336E-4, 4.66806E-4
8.64625, -0.27613, 0.15255, 2.35387E-4, 0.00104
8.65437, -0.27981, 0.14906, 4.07665E-4, 3.47634E-4
8.6625, -0.28671, 0.15278, 1.90815E-4, 7.94393E-4
8.67062, -0.28805, 0.16211, 2.55097E-4, 7.12341E-4
8.67875, -0.28023, 0.16751, 5.02568E-5, 7.72391E-4
8.68688, -0.27267, 0.16309, 7.03663E-4, 6.55588E-4
8.695, -0.27089, 0.15702, 8.39074E-4, 6.43202E-4
8.70313, -0.27321, 0.15419, 5.02752E-4, 4.17238E-5
8.71125, -0.27459, 0.15647, 1.95738E-4, 2.7236E-4
8.71937, -0.27222, 0.15635, 2.0624E-4, -8.405E-5
8.7275, -0.27075, 0.15374, 4.79902E-4, -1.57263E-4
8.73563, -0.2716, 0.15426, 5.10879E-4, 3.02216E-4
8.74375, -0.26985, 0.15712, 5.23096E-4, 2.68144E-4
8.75188, -0.26594, 0.15711, 4.52027E-4, -4.80328E-4
8.76, -0.26601, 0.15328, 3.69293E-4, -3.21746E-4
8.76812, -0.26962, 0.15443, 1.25125E-4, -6.47052E-5
8.77625, -0.2663, 0.16075, -4.73464E-4, 1.14207E-4
8.78438, -0.26078, 0.15898, -5.69311E-5, 3.25923E-4
8.7925, -0.25299, 0.15189, 4.45053E-5, -1.20618E-4
8.80063, -0.25546, 0.14445, 5.97797E-4, 7.22146E-4
8.80875, -0.26323, 0.14081, 9.3941E-4, 8.35266E-4
8.81687, -0.26822, 0.14623, 8.77218E-4, 8.64576E-4
8.825, -0.26706, 0.15303, 0.00105, 2.03535E-4
8.83313, -0.26164, 0.1543, 6.24602E-4, 1.12072E-4
8.84125, -0.25766, 0.15173, 3.32431E-4, -3.8153E-4
8.84938, -0.25546, 0.15011, 3.74151E-4, 4.94012E-4
8.8575, -0.25288, 0.14745, 6.49441E-5, 8.31422E-4
8.86562, -0.25462, 0.14322, 6.79551E-6, 7.20042E-4
8.87375, -0.26016, 0.14268, 5.96956E-4, 9.19208E-4
8.88188, -0.2631, 0.1479, 5.36619E-4, 6.51785E-4
8.89, -0.25777, 0.15372, 5.86928E-4, 8.24257E-4
8.89813, -0.25197, 0.15358, 0.00135, 6.84332E-4
8.90625, -0.25027, 0.15015, 0.00124, 5.22284E-4
8.91437, -0.25027, 0.14744, 0.00125, -3.15965E-4
8.9225, -0.24944, 0.14761, 0.00127, -4.2012E-4
8.93062, -0.24545, 0.14716, 3.36533E-4, -1.11718E-4
8.93875, -0.24351, 0.14391, 3.89246E-4, 1.66966E-4
8.94688, -0.2451, 0.14091, 0.00102, 9.53188E-4
8.955, -0.24616, 0.14201, 0.00163, 4.50259E-4
8.96312, -0.24383, 0.14295, 0.00149, 2.3038E-4
8.97125, -0.24262, 0.14087, 0.00139, -3.01394E-4
8.97937, -0.24601, 0.14152, 0.00137, -3.05675E-4
8.9875, -0.24595, 0.14671, 0.0014, 9.99191E-5
8.99563, -0.23957, 0.14943, 0.00101, -2.90602E-5
9.00375, -0.23265, 0.14463, 0.0013, 1.0185E-4
9.01187, -0.23151, 0.13577, 0.00146, -8.13988E-5
9.02, -0.23865, 0.13019, 0.0016, -8.4278E-4
9.02812, -0.24609, 0.13231, 0.00165, -0.00114
9.03625, -0.24576, 0.1386, 0.00128, -0.00125
9.04438, -0.23983, 0.14214, 3.55778E-4, -0.00106
9.0525, -0.23495, 0.14074, 1.43214E-4, -0.0013
9.06062, -0.23219, 0.13703, -2.69063E-4, -5.96897E-4
9.06875, -0.23122, 0.13309, 1.87842E-4, -3.2141E-4
9.07687, -0.23369, 0.1306, 4.3975E-4, -2.48974E-7
9.085, -0.23782, 0.13357, 5.93297E-4, 3.46226E-4
9.09313, -0.23635, 0.13988, 6.03409E-4, -3.7118E-4
9.10125, -0.22996, 0.14193, 6.15991E-4, -5.03296E-4
9.10938, -0.22393, 0.13727, 9.06198E-4, -3.99559E-4
9.1175, -0.22539, 0.13034, 0.00112, 4.01766E-5
9.12562, -0.23076, 0.12888, 7.29584E-4, -7.50538E-4
9.13375, -0.23225, 0.13324, 4.14768E-4, -0.00103
9.14188, -0.22784, 0.13525, 9.80814E-5, -0.00147
9.15, -0.22361, 0.13145, -2.74325E-4, -9.49637E-4
9.15813, -0.22284, 0.12788, -1.19816E-4, -2.67254E-4
9.16625, -0.22367, 0.12892, -9.80008E-5, -2.93593E-4
9.17437, -0.22209, 0.12814, 5.44633E-4, -5.72164E-4
9.1825, -0.22199, 0.12625, 7.69824E-5, -5.59542E-4
9.19063, -0.22421, 0.12789, 2.21485E-4, 1.67304E-4
9.19875, -0.22151, 0.13182, 0.00139, 7.30562E-5
9.20688, -0.21485, 0.13194, 0.00116, -3.49699E-4
9.215, -0.21282, 0.12532, 7.55091E-4, -5.27623E-4
9.22312, -0.21612, 0.11821, 9.75961E-4, -0.00131
9.23125, -0.22305, 0.11743, 8.32592E-4, -0.00137
9.23938, -0.2268, 0.12319, -2.05185E-4, -0.00147
9.2475, -0.22358, 0.12963, -3.70771E-4, -8.80771E-4
9.25563, -0.21683, 0.13056, -6.13994E-4, -0.00135
9.26375, -0.21125, 0.12711, -4.92606E-4, -6.37505E-4
9.27187, -0.20781, 0.12404, -7.88526E-4, -4.51691E-4
9.28, -0.20602, 0.11997, -5.27798E-4, -9.75477E-5
9.28813, -0.20709, 0.11503, -2.81494E-4, -4.88013E-4
9.29625, -0.21107, 0.11383, -2.66357E-4, -4.26161E-4
9.30438, -0.21374, 0.1175, -4.70233E-5, -3.55841E-4
9.3125, -0.20965, 0.12276, 1.94058E-4, -1.754E-4
9.32062, -0.20373, 0.12073, 4.509E-4, -5.81472E-4
9.32875, -0.20218, 0.11573, 6.50923E-5, -6.17741E-4
9.33687, -0.20577, 0.11128, 1.07053E-5, -9.07583E-4
9.345, -0.21005, 0.11197, -1.52718E-4, -1.50778E-4
9.35313, -0.20968, 0.11597, -1.37005E-4, -1.13315E-4
9.36125, -0.20496, 0.11746, -4.72473E-4, -3.42457E-4
9.36937, -0.20104, 0.11418, -2.31473E-4, -3.54033E-4
9.3775, -0.20062, 0.11088, -3.94099E-4, -6.31472E-4
9.38562, -0.20108, 0.10957, -1.51831E-4, -5.56785E-5
9.39375, -0.20109, 0.10835, -3.42815E-4, -6.69304E-5
9.40188, -0.20233, 0.1073, -3.05094E-4, -1.70579E-4
9.41, -0.20286, 0.10982, 4.71797E-4, -2.28061E-4
9.41812, -0.19956, 0.113, 5.3206E-4, -4.0315E-4
9.42625, -0.19383, 0.11083, -1.23782E-5, -5.56167E-4
9.43437, -0.19222, 0.10404, 4.45786E-4, -6.67885E-4
9.4425, -0.19734, 0.09767, 3.48337E-4, -8.8609E-4
9.45063, -0.20703, 0.09843, -2.09571E-4, -6.77928E-4
9.45875, -0.21197, 0.10789, -8.90056E-4, -9.51176E-4
9.46687, -0.20604, 0.11949, -7.45931E-4, -3.58351E-4
9.475, -0.1914, 0.12199, -3.04215E-4, -9.33431E-5
9.48312, -0.1792, 0.1135, -2.50433E-4, -1.20032E-4
9.49125, -0.17562, 0.10159, 3.11932E-4, -1.13497E-4
9.49938, -0.18066, 0.0915, 5.15209E-5, -2.68115E-4
9.5075, -0.18966, 0.08881, -3.43005E-4, -6.38199E-6
9.51563, -0.19634, 0.09338, -1.97626E-4, -3.90403E-4
9.52375, -0.19488, 0.10067, 1.75595E-4, -5.00691E-4
9.53187, -0.18869, 0.10399, 1.41412E-4, -2.9638E-4
9.54, -0.18392, 0.1001, -1.21805E-4, -7.9653E-4
9.54813, -0.18409, 0.09459, 1.54008E-4, -8.21336E-4
9.55625, -0.18799, 0.09167, -3.60942E-4, -5.51784E-4
9.56438, -0.1914, 0.09358, -1.9209E-4, -7.01913E-4
9.5725, -0.19021, 0.09746, -7.15735E-5, -2.98765E-4
9.58062, -0.18556, 0.09845, -4.48822E-4, -3.14456E-4
9.58875, -0.18158, 0.09603, -8.34828E-4, -1.94741E-5
9.59688, -0.1801, 0.09271, -6.75372E-4, -1.57728E-4
9.605, -0.1797, 0.09082, -2.64849E-4, 2.94061E-4
9.61313, -0.17963, 0.08975, 2.17743E-4, 8.68845E-5
9.62125, -0.1807, 0.08881, -1.11903E-4, 3.20035E-4
9.62937, -0.18085, 0.09003, 2.98207E-4, -1.99696E-4
9.6375, -0.17884, 0.09045, -1.69536E-4, -4.59885E-4
9.64563, -0.17649, 0.08825, 5.74207E-5, -4.51458E-4
9.65375, -0.17769, 0.08508, 4.94306E-5, 3.19736E-4
9.66188, -0.18167, 0.08471, 5.80331E-5, 2.44332E-5
9.67, -0.18482, 0.08846, -2.62499E-4, -9.29492E-4
9.67812, -0.18094, 0.09448, 3.92136E-5, 2.69676E-4
9.68625, -0.17227, 0.09667, 3.86494E-4, 2.03231E-4
9.69438, -0.16421, 0.09211, -7.01185E-5, -2.30985E-4
9.7025, -0.16052, 0.08324, -1.64567E-6, -5.68269E-4
9.71063, -0.16116, 0.07687, -1.82648E-4, -8.31294E-4
9.71875, -0.16471, 0.07305, 3.57608E-5, -5.91771E-4
9.72687, -0.16807, 0.0725, 0.002, -4.40484E-4
9.735, -0.16786, 0.07422, -3.72511E-4, -3.16134E-4
9.74312, -0.16733, 0.07403, -9.02208E-5, -5.74965E-4
9.75125, -0.16773, 0.07245, -1.63635E-4, -0.00108
9.75938, -0.16852, 0.0723, -6.21543E-4, -0.00121
9.7675, -0.16982, 0.07213, -5.74725E-4, -5.79909E-4
9.77562, -0.17061, 0.07274, -0.00103, -5.71063E-4
9.78375, -0.17008, 0.07307, -8.78745E-4, -3.3613E-4
9.79187, -0.16722, 0.07362, -5.45508E-4, -4.90248E-4
9.8, -0.16499, 0.07191, -4.39057E-4, -2.43448E-4
9.80813, -0.16502, 0.06983, -4.80068E-4, 1.53394E-4
9.81625, -0.1641, 0.06965, -9.12293E-4, 2.18445E-4
9.82437, -0.16248, 0.06824, -9.60783E-5, -6.31722E-4
9.8325, -0.16165, 0.06601, -9.5501E-5, 3.79466E-5
9.84062, -0.16335, 0.06604, -3.31783E-4, -1.10809E-4
9.84875, -0.16271, 0.06777, -3.75091E-4, -5.94112E-4
9.85688, -0.1603, 0.06819, -4.36281E-4, -3.25045E-4
9.865, -0.15899, 0.06443, 4.4524E-5, -6.43704E-4
9.87312, -0.16253, 0.06388, -4.91131E-4, -3.6873E-4
9.88125, -0.16504, 0.06788, -3.05881E-4, -4.80315E-4
9.88937, -0.16022, 0.07234, -6.73926E-4, -0.00111
9.8975, -0.15134, 0.07007, -5.78928E-4, 1.85479E-5
9.90563, -0.14721, 0.06142, -4.05211E-4, 9.62364E-5
9.91375, -0.14915, 0.0553, -4.66345E-4, -2.60689E-4
9.92188, -0.15211, 0.05478, -2.65886E-4, -5.21713E-4
9.93, -0.15185, 0.05549, -6.3184E-4, -3.65378E-4
9.93812, -0.14994, 0.05366, -0.0012, 5.28392E-4
9.94625, -0.15044, 0.05089, -2.01285E-4, 6.07719E-4
9.95438, -0.15192, 0.05106, -3.54829E-4, -1.8167E-4
9.9625, -0.15216, 0.05351, -5.61398E-4, 2.77568E-4
9.97063, -0.14927, 0.053, -1.66596E-4, -1.06166E-4
9.97875, -0.14851, 0.0498, -3.14116E-4, -7.41153E-5
9.98687, -0.14953, 0.04652, -7.17086E-5, 2.76511E-4
9.995, -0.15229, 0.04751, 1.76728E-4, 7.50795E-5
10.00313, -0.15175, 0.04799, -3.10771E-4, 3.77418E-4
10.01125, -0.15005, 0.04678, -3.37458E-4, 6.65519E-5
10.01938, -0.14947, 0.04445, 7.42921E-5, 3.40948E-5
10.0275, -0.14932, 0.04463, 7.98638E-5, -2.64986E-5
10.03563, -0.14804, 0.0436, -1.59002E-4, 2.35883E-4
10.04375, -0.14776, 0.04223, -3.09768E-4, 1.23768E-5
10.05188, -0.14962, 0.04157, -1.36909E-4, 1.86875E-4
10.06, -0.14941, 0.04352, -3.39789E-4, -3.96766E-5
10.06813, -0.1464, 0.04532, -4.33032E-4, -3.42565E-4
10.07625, -0.14399, 0.04362, -3.82892E-4, -1.55113E-4
10.08438, -0.14567, 0.04159, -6.3052E-4, 1.15047E-4
10.0925, -0.1466, 0.04396, -6.96344E-4, -1.98405E-5
10.10063, -0.14264, 0.04623, -5.87683E-4, 6.72084E-4
10.10875, -0.13618, 0.04425, -3.64462E-4, 5.8819E-4
10.11688, -0.13243, 0.03756, -4.01999E-4, 2.35941E-4
10.125, -0.13394, 0.03139, -3.09377E-4, 4.05188E-5
10.13313, -0.13628, 0.029, -9.2966E-5, 3.36373E-4
10.14125, -0.13646, 0.02888, -2.91244E-4, 1.74634E-5
10.14937, -0.13509, 0.02714, -8.94629E-4, 1.26507E-4
10.1575, -0.13631, 0.0245, -4.5437E-7, 9.46998E-4
10.16563, -0.13905, 0.02408, 6.72355E-5, 0.00134
10.17375, -0.13949, 0.02696, 6.28687E-4, 7.57223E-4
10.18188, -0.13851, 0.02827, -9.28344E-5, 3.74787E-5
10.19, -0.13524, 0.02698, -6.66382E-4, -2.3588E-4
10.19812, -0.13395, 0.02459, -2.21508E-4, -2.15336E-4
10.20625, -0.13451, 0.02202, -1.18471E-4, -2.58362E-5
10.21438, -0.13638, 0.01956, 3.88505E-4, 4.48851E-4
10.2225, -0.13687, 0.019, 1.59424E-4, 2.61257E-4
10.23063, -0.13717, 0.01894, -2.68171E-4, -5.38055E-5
10.23875, -0.13613, 0.01977, -2.04096E-4, 7.87269E-6
10.24687, -0.13268, 0.01849, -1.57417E-4, -1.45902E-4
10.255, -0.13106, 0.01472, -8.70501E-5, 2.62867E-4
10.26313, -0.13349, 0.01147, 2.11043E-4, 5.4121E-4
10.27125, -0.13674, 0.01156, 5.74707E-4, -2.96182E-4
10.27938, -0.13671, 0.01508, -8.36959E-5, -1.02186E-4
10.2875, -0.13356, 0.01491, 2.017E-4, -1.90977E-4
10.29562, -0.13368, 0.01251, -1.46207E-4, -2.29962E-4
10.30375, -0.13676, 0.01286, 2.69505E-5, -9.69215E-5
10.31188, -0.13537, 0.01625, -7.65409E-5, 2.74711E-4
10.32, -0.1306, 0.01714, 3.65225E-4, -5.51911E-5
10.32813, -0.12653, 0.01268, 1.71861E-4, 1.71078E-4
10.33625, -0.12651, 0.00885, 8.43544E-5, 6.42162E-5
10.34437, -0.12728, 0.00793, -4.82642E-4, 6.8301E-5
10.3525, -0.12374, 0.00646, -6.17259E-4, 1.04056E-5
10.36063, -0.12265, 3.52958E-4, -6.28113E-4, 2.01272E-4
10.36875, -0.12707, -0.0034, 2.02285E-6, 5.5514E-5
10.37688, -0.13264, -2.13458E-4, 2.87883E-4, 8.43475E-5
10.385, -0.12944, 0.0056, -5.40337E-5, 1.6382E-4
10.39313, -0.12297, 0.00368, 2.60173E-4, -1.76493E-5
10.40125, -0.12216, -0.0024, -2.46626E-4, -3.80663E-4
10.40938, -0.12575, -0.00513, -1.99481E-5, -5.80319E-4
10.4175, -0.12894, -0.00514, -5.68846E-4, -6.34255E-5
10.42563, -0.12973, -0.0041, -7.74192E-4, 5.60259E-4
10.43375, -0.12914, -0.00333, -1.14279E-4, 9.33052E-5
10.44188, -0.12798, -0.00324, -1.87078E-4, 1.50034E-4
10.45, -0.12663, -0.00307, 1.12183E-4, 3.33444E-4
10.45813, -0.12306, -0.00381, 3.59625E-4, -3.27697E-5
10.46625, -0.11851, -0.00743, 1.44819E-4, 1.85458E-4
10.47438, -0.11938, -0.01291, -4.48039E-4, -2.23305E-5
10.4825, -0.12289, -0.01514, -2.14139E-4, -3.95248E-5
10.49063, -0.12546, -0.01353, -3.79244E-4, -1.95311E-4
10.49875, -0.12311, -0.01104, -2.95289E-4, 2.62519E-4
10.50688, -0.12078, -0.01306, -5.10338E-6, -1.38842E-4
10.515, -0.12152, -0.01458, 1.82752E-4, 2.16308E-4
10.52313, -0.12288, -0.01435, 1.17504E-5, -4.06876E-4
10.53125, -0.12183, -0.01516, -1.10488E-4, -3.08276E-4
10.53938, -0.1193, -0.01685, -1.09926E-4, 4.68621E-4
10.5475, -0.11914, -0.02001, -3.56691E-4, 6.269E-4
10.55562, -0.12057, -0.02147, 1.40854E-5, 4.17236E-4
10.56375, -0.11951, -0.02099, 3.67608E-4, 8.41439E-6
10.57188, -0.11565, -0.02452, 3.28761E-4, 2.57842E-4
10.58, -0.11739, -0.02979, -2.10246E-4, 3.99293E-4
10.58813, -0.12235, -0.03063, -3.60752E-5, -1.83876E-5
10.59625, -0.12483, -0.02466, -2.3075E-4, -4.82733E-5
10.60437, -0.11941, -0.02092, -2.71734E-6, 4.62673E-5
10.6125, -0.11308, -0.02512, 1.2516E-4, -4.94607E-6
10.62063, -0.11331, -0.03288, 3.78096E-5, 5.81568E-4
10.62875, -0.11956, -0.03658, 2.54474E-4, 1.18178E-4
10.63688, -0.12464, -0.03454, 4.81908E-4, -1.93602E-4
10.645, -0.12608, -0.03006, 5.57368E-4, -3.29251E-4
10.65312, -0.12261, -0.02929, 4.03865E-4, -6.01302E-4
10.66125, -0.11929, -0.0312, 1.27388E-4, -3.32284E-4
10.66938, -0.11764, -0.03258, 1.52905E-4, -4.40052E-4
10.6775, -0.11538, -0.03516, -4.62559E-4, -0.00102
10.68563, -0.11593, -0.03946, -5.96017E-4, -3.9072E-4
10.69375, -0.11755, -0.04115, -1.08161E-4, -1.56531E-4
10.70187, -0.11849, -0.03962, 0.00112, -7.62829E-5
10.71, -0.11725, -0.03866, -9.47642E-4, -1.56577E-4
10.71813, -0.11546, -0.04135, -3.4227E-4, 5.52285E-5
10.72625, -0.11677, -0.04544, -8.1093E-4, 1.22144E-5
10.73438, -0.11988, -0.04626, -3.83437E-4, -2.5183E-5
10.7425, -0.12034, -0.04379, -7.29594E-5, 2.01348E-4
10.75062, -0.11818, -0.04326, 1.01499E-4, 3.36573E-4
10.75875, -0.11658, -0.04659, -1.08279E-4, -1.92074E-5
10.76688, -0.1189, -0.05073, 7.4482E-4, 2.75793E-4
10.775, -0.12, -0.04931, -1.19859E-4, -1.20983E-4
10.78313, -0.11742, -0.04858, 1.34936E-4, 5.00922E-4
10.79125, -0.11599, -0.05198, -2.00873E-4, 1.10452E-4
10.79938, -0.11789, -0.05603, -7.6608E-4, 4.08149E-4
10.8075, -0.12177, -0.05481, 1.6927E-4, 8.22641E-5
10.81563, -0.12031, -0.04932, -4.58593E-4, 2.2604E-4
10.82375, -0.11474, -0.04988, -3.14212E-4, 5.03869E-4
10.83188, -0.11426, -0.05662, 4.93239E-5, 5.2365E-4
10.84, -0.12009, -0.0598, -1.23327E-4, 1.50124E-4
10.84813, -0.12382, -0.05708, 7.09635E-5, 1.23155E-4
10.85625, -0.12242, -0.05208, -1.52316E-5, -1.61814E-4
10.86438, -0.1178, -0.05156, 1.71703E-5, 1.20665E-4
10.8725, -0.11517, -0.05569, -1.42454E-4, 9.80282E-5
10.88063, -0.11595, -0.05899, -4.24024E-4, 4.16031E-4
10.88875, -0.11369, -0.06008, -1.18603E-4, 3.66626E-4
10.89688, -0.11214, -0.06273, 4.40564E-4, 3.82985E-4
10.905, -0.11333, -0.06674, 5.10212E-4, 1.668E-4
10.91313, -0.11675, -0.06914, 9.59153E-4, -2.61481E-4
10.92125, -0.11927, -0.06718, -2.38997E-4, 5.81211E-5
10.92938, -0.11692, -0.06489, 3.79868E-4, -8.12003E-5
10.9375, -0.11468, -0.06715, -2.90142E-4, -3.5708E-4
10.94563, -0.11617, -0.07058, 5.64853E-4, 3.57575E-4
10.95375, -0.11875, -0.07235, 5.59288E-5, -1.83048E-4
10.96187, -0.12016, -0.07181, -2.88702E-4, -3.20145E-4
10.97, -0.11986, -0.07131, 2.94667E-5, -2.22928E-4
10.97813, -0.11908, -0.07188, 4.84871E-5, -2.89202E-4
10.98625, -0.12067, -0.07365, 1.29296E-4, -3.23318E-4
10.99438, -0.12037, -0.07247, 5.9909E-5, 4.25926E-5
11.0025, -0.11666, -0.07298, -2.3083E-4, 4.064E-4
11.01062, -0.11485, -0.07696, 3.3706E-5, -6.41208E-5
11.01875, -0.11776, -0.0809, 2.83385E-4, 2.76906E-4
11.02688, -0.1227, -0.08036, 7.27188E-4, -4.00953E-4
11.035, -0.12164, -0.07729, 3.78804E-4, -4.92249E-4
11.04313, -0.11888, -0.07907, 2.67268E-5, -4.94785E-4
11.05125, -0.12175, -0.08226, -2.02743E-4, -4.53119E-4
11.05937, -0.12685, -0.07889, -2.58865E-4, -3.44245E-4
11.0675, -0.1251, -0.07384, 4.74322E-5, 2.13251E-4
11.07563, -0.11854, -0.0735, 5.28033E-4, 2.48966E-4
11.08375, -0.1145, -0.08075, 2.94327E-5, 4.29719E-4
11.09188, -0.11924, -0.08675, 1.84182E-4, 3.08634E-4
11.1, -0.12438, -0.08315, 3.71099E-4, 2.80667E-4
11.10812, -0.11986, -0.07889, -9.81619E-5, 5.32006E-5
11.11625, -0.11237, -0.08271, 3.7595E-4, -3.12189E-5
11.12438, -0.11064, -0.0928, 3.79199E-4, -1.02255E-4
11.1325, -0.12011, -0.09841, 2.11012E-4, 6.22982E-5
11.14063, -0.12829, -0.09169, 3.96543E-4, -5.80898E-4
11.14875, -0.12432, -0.08445, -1.44402E-4, -2.47095E-5
11.15687, -0.11718, -0.08708, 3.28119E-6, -1.526E-4
11.165, -0.1174, -0.09317, -1.00184E-4, 7.64066E-5
11.17313, -0.12245, -0.09529, 3.05358E-4, -3.39211E-4
11.18125, -0.12577, -0.09544, 6.12613E-4, 4.36251E-4
11.18938, -0.12504, -0.09553, 2.64356E-4, 1.66177E-4
11.1975, -0.12618, -0.09636, 8.67712E-4, -1.59803E-4
11.20563, -0.12751, -0.09508, 3.95565E-4, -3.5039E-4
11.21375, -0.1264, -0.09307, 0.00118, 8.84824E-4
11.22188, -0.12358, -0.09477, 3.3077E-4, -8.11727E-4
11.23, -0.1243, -0.09784, -2.27726E-4, -4.86518E-4
11.23813, -0.12607, -0.09888, 2.45869E-4, -9.61027E-4
11.24625, -0.12705, -0.09749, -7.95425E-4, -4.8296E-4
11.25438, -0.12515, -0.09806, -1.36325E-4, -4.78035E-4
11.2625, -0.12673, -0.10245, -2.30874E-4, -1.7818E-4
11.27063, -0.13389, -0.10148, 2.04663E-4, -5.94772E-4
11.27875, -0.13564, -0.09214, 1.52334E-4, -2.84913E-4
11.28688, -0.12815, -0.08757, 1.04953E-4, -5.60031E-4
11.295, -0.11935, -0.09291, 1.82652E-4, -1.12765E-4
11.30313, -0.12008, -0.10343, -1.72265E-4, -2.31463E-4
11.31125, -0.12769, -0.10582, -1.48744E-4, -1.57369E-4
11.31938, -0.13035, -0.10099, -1.14167E-4, -5.26306E-4
11.3275, -0.12486, -0.09953, 5.66433E-5, -4.57273E-4
11.33563, -0.12109, -0.10662, -2.08746E-4, -7.50265E-4
11.34375, -0.12749, -0.11335, -6.17744E-4, -5.4857E-4
11.35188, -0.13692, -0.10898, -4.71723E-4, -5.26222E-4
11.36, -0.13585, -0.09897, -1.5322E-4, -1.05553E-4
11.36812, -0.12772, -0.09736, -3.60809E-4, 1.68201E-4
11.37625, -0.12371, -0.10377, -3.54495E-4, -1.63429E-4
11.38438, -0.12684, -0.1087, -1.09575E-4, -1.7788E-4
11.3925, -0.13126, -0.1085, -2.4419E-4, 2.51928E-4
11.40063, -0.13231, -0.10573, -1.83718E-4, -1.06834E-4
11.40875, -0.13032, -0.107, -4.34109E-5, -1.09779E-4
11.41687, -0.13177, -0.10952, -3.31205E-4, 2.41883E-4
11.425, -0.13473, -0.10786, -3.64226E-4, -1.33667E-4
11.43313, -0.1321, -0.10591, 1.76013E-4, -3.08836E-4
11.44125, -0.12919, -0.10917, -2.01162E-4, -9.78667E-5
11.44938, -0.13136, -0.11392, -2.22972E-4, -2.78707E-4
11.4575, -0.1373, -0.11396, -2.47811E-4, -3.34627E-4
11.46562, -0.13935, -0.10732, -3.68161E-4, -1.37443E-4
11.47375, -0.13415, -0.10362, -4.85594E-4, 1.35537E-4
11.48188, -0.13132, -0.10738, -5.4372E-4, -1.02545E-4
11.49, -0.13497, -0.10955, -1.21284E-4, -1.73987E-5
11.49813, -0.13615, -0.1056, -2.46435E-4, -2.04807E-5
11.50625, -0.1319, -0.10268, -4.45407E-4, -4.17101E-4
11.51437, -0.12735, -0.10744, -4.99219E-4, -1.08971E-4
11.5225, -0.12974, -0.11443, -6.39578E-4, -3.44279E-4
11.53063, -0.13414, -0.11445, -4.48943E-4, -3.90791E-4
11.53875, -0.13311, -0.11298, -4.31139E-4, 1.97251E-4
11.54688, -0.13054, -0.11661, -1.32678E-4, -1.1327E-4
11.555, -0.13583, -0.12177, -3.62796E-4, 3.60905E-5
11.56312, -0.14533, -0.11896, -5.81869E-4, 2.06432E-4
11.57125, -0.14622, -0.10691, -5.85884E-4, 8.61836E-5
11.57938, -0.13526, -0.1022, -5.71113E-4, 2.92528E-4
11.5875, -0.1296, -0.11007, -2.54087E-4, 4.81677E-4
11.59563, -0.13517, -0.11642, -3.22959E-4, 0.0011
11.60375, -0.14129, -0.11307, -5.5193E-4, 7.17405E-4
11.61188, -0.14053, -0.10751, -2.62042E-5, 4.7956E-4
11.62, -0.13553, -0.10598, 3.24095E-4, 4.42657E-4
11.62813, -0.13561, -0.11219, -2.3828E-4, 4.30674E-4
11.63625, -0.14143, -0.11165, 1.8823E-4, 2.36658E-4
11.64438, -0.13987, -0.10453, -5.50222E-5, 4.72502E-4
11.6525, -0.13121, -0.10402, -2.27954E-4, 4.33526E-4
11.66063, -0.12761, -0.11248, 9.56573E-5, -1.65524E-4
11.66875, -0.13319, -0.12118, -8.94713E-5, 2.73628E-4
11.67688, -0.14509, -0.1178, -1.1801E-5, 5.10482E-4
11.685, -0.145, -0.10387, 3.34674E-5, -2.25717E-4
11.69313, -0.13267, -0.10079, 1.83813E-6, 1.43781E-4
11.70125, -0.12823, -0.10895, 4.39722E-5, 1.59819E-4
11.70938, -0.13182, -0.11281, 8.818E-5, 2.2841E-4
11.7175, -0.1337, -0.11193, 3.39908E-4, 1.813E-4
11.72563, -0.13097, -0.11098, 1.8719E-4, 1.25776E-4
11.73375, -0.12871, -0.11574, 4.48658E-4, -3.26949E-4
11.74188, -0.13388, -0.12023, -2.20607E-5, -3.25989E-4
11.75, -0.13978, -0.11893, 8.37331E-4, -4.81146E-4
11.75813, -0.13985, -0.11592, 2.69245E-5, -4.20322E-4
11.76625, -0.13903, -0.11623, -2.03914E-4, -4.04362E-4
11.77437, -0.14314, -0.1161, -1.90846E-4, -4.70541E-4
11.7825, -0.14616, -0.11094, -1.5155E-4, 2.33925E-5
11.79063, -0.14258, -0.10331, -2.83459E-4, 9.0997E-5
11.79875, -0.1336, -0.1033, 1.44995E-4, -0.00203
11.80688, -0.13083, -0.11023, 3.51757E-5, -1.71776E-4
11.815, -0.1382, -0.1128, -2.25573E-4, 2.18371E-4
11.82312, -0.14306, -0.10732, 7.74979E-5, 4.60362E-4
11.83125, -0.13864, -0.10163, 3.30327E-5, 1.51061E-4
11.83938, -0.13266, -0.10243, 1.69991E-4, 3.6807E-4
11.8475, -0.13273, -0.10826, -1.92801E-5, -3.61353E-6
11.85563, -0.1387, -0.10654, -3.55776E-4, -2.58595E-4
11.86375, -0.1375, -0.09966, -1.99882E-4, -1.37107E-4
11.87187, -0.12862, -0.09803, 5.59245E-5, 4.90128E-4
11.88, -0.12355, -0.10364, -1.27315E-4, 2.37073E-4
11.88813, -0.12636, -0.11022, -8.65468E-4, 2.07606E-4
11.89625, -0.13364, -0.10725, 6.05882E-5, 2.90727E-4
11.90438, -0.12989, -0.09821, 2.03156E-4, -3.2461E-5
11.9125, -0.11928, -0.09952, 2.75007E-4, -7.49331E-5
11.92062, -0.11745, -0.10781, 2.03728E-4, -1.84404E-4
11.92875, -0.1218, -0.10967, 1.32515E-4, -5.29266E-4
11.93688, -0.12414, -0.10893, -1.42682E-4, 3.06691E-4
11.945, -0.12096, -0.10937, -2.99769E-4, -2.16086E-4
11.95313, -0.12117, -0.1149, 1.82795E-4, 2.80827E-4
11.96125, -0.12879, -0.11724, -9.60449E-5, -5.18811E-4
11.96937, -0.13617, -0.11074, 8.87279E-5, -2.00144E-4
11.9775, -0.13405, -0.10414, -4.15436E-4, -4.90804E-4
11.98563, -0.1289, -0.10278, -2.14181E-4, 1.63027E-4
11.99375, -0.12747, -0.10345, -9.56979E-5, -2.33926E-4
12.00188, -0.12797, -0.10112, -2.22215E-4, 3.86446E-4
12.01, -0.12513, -0.09649, -2.70408E-7, 8.9632E-5
12.01813, -0.11994, -0.09681, -2.41181E-4, 1.52958E-4
12.02625, -0.11964, -0.0996, -2.78303E-4, -2.26129E-5
12.03438, -0.12087, -0.09739, -2.27603E-4, 1.37216E-4
12.0425, -0.11932, -0.09176, -8.44265E-5, 2.38929E-4
12.05063, -0.11296, -0.09032, 7.00887E-5, -2.19956E-4
12.05875, -0.1089, -0.09432, -3.78112E-5, -7.09809E-4
12.06688, -0.11113, -0.09611, -3.87367E-4, -5.04724E-5
12.075, -0.11017, -0.0912, -4.20363E-4, -1.05916E-4
12.08313, -0.1021, -0.08858, -4.58409E-4, 6.88546E-5
12.09125, -0.09488, -0.09391, -4.21151E-4, 1.97914E-4
12.09938, -0.0933, -0.10189, -4.64347E-4, 4.56207E-4
12.1075, -0.09774, -0.10347, -8.36025E-5, 6.32237E-4
12.11563, -0.09781, -0.09597, 1.91208E-4, 7.44377E-4
12.12375, -0.08615, -0.09406, -1.86169E-4, 3.05592E-4
12.13188, -0.07981, -0.10457, -3.09152E-5, 6.0017E-5
12.14, -0.08319, -0.11119, -7.98137E-5, 2.83161E-5
12.14813, -0.08626, -0.11021, -2.94469E-4, -8.61946E-5
12.15625, -0.08488, -0.10852, -1.0565E-4, 9.33587E-5
12.16438, -0.08109, -0.11283, 1.84133E-4, 2.41138E-4
12.1725, -0.0858, -0.12073, 1.65943E-4, -1.02051E-4
12.18062, -0.09502, -0.11749, -2.62892E-4, 3.70701E-4
12.18875, -0.09207, -0.10604, -1.91546E-4, 1.90393E-4
12.19688, -0.08136, -0.10406, -2.92764E-4, -3.53762E-4
12.205, -0.07503, -0.11045, 4.63995E-5, -3.06982E-4
12.21313, -0.07543, -0.11592, -1.40225E-4, 8.03273E-5
12.22125, -0.07799, -0.11488, -1.6112E-4, -1.95085E-5
12.22937, -0.07187, -0.10906, 2.70234E-5, -1.27919E-4
12.2375, -0.06365, -0.11343, 2.73548E-4, -1.06277E-4
12.24563, -0.06354, -0.12112, 1.73166E-4, 7.84572E-5
12.25375, -0.06501, -0.1218, -1.30337E-4, -6.46575E-4
12.26188, -0.06097, -0.12001, -2.45138E-4, 1.28448E-4
12.27, -0.05409, -0.12372, -5.62993E-4, -1.12889E-4
12.27812, -0.05528, -0.13408, -3.51765E-4, 3.35705E-4
12.28625, -0.06445, -0.13492, -3.55305E-4, 1.87612E-5
12.29438, -0.06072, -0.12343, -6.58486E-5, 2.37482E-4
12.3025, -0.04294, -0.12315, -1.94222E-4, -2.76711E-4
12.31063, -0.02858, -0.13881, -1.58021E-4, 6.21941E-5
12.31875, -0.03049, -0.15962, -3.40914E-4, 1.39801E-4
12.32687, -0.04581, -0.16772, 1.9721E-4, 2.37134E-4
12.335, -0.05008, -0.15694, -2.45273E-4, 3.38134E-4
12.34313, -0.03176, -0.16026, -0.00263, -6.50368E-4
12.35125, -0.03124, -0.1808, -4.87409E-4, 2.25351E-4
12.35938, -0.04679, -0.19036, -2.42481E-4, 2.52434E-4
12.3675, -0.0559, -0.18772, -2.53434E-4, 6.05663E-4
12.37562, -0.05418, -0.18551, 1.12126E-4, 1.63119E-4
12.38375, -0.05161, -0.19533, -8.50598E-5, 1.70346E-4
12.39188, -0.06684, -0.20647, -2.12391E-4, 5.61711E-4
12.4, -0.08238, -0.19236, 1.97186E-4, 4.06454E-4
12.40813, -0.07155, -0.17852, -3.67586E-5, -7.20165E-5
12.41625, -0.05402, -0.18687, 5.3774E-4, 6.48157E-5
12.42438, -0.05, -0.20668, -6.12439E-5, -1.01664E-4
12.4325, -0.06423, -0.22281, -4.77598E-4, -2.43486E-4
12.44063, -0.08284, -0.21998, -1.89676E-4, 3.31362E-4
12.44875, -0.08186, -0.21004, -3.34511E-4, -7.06099E-5
12.45688, -0.07807, -0.21779, 2.99395E-4, 1.79612E-4
12.465, -0.08937, -0.22439, 7.58705E-5, 4.25239E-4
12.47313, -0.09996, -0.22002, 4.4608E-5, 2.43267E-4
12.48125, -0.10276, -0.2142, 3.78602E-4, 1.12146E-4
12.48938, -0.1007, -0.21399, -1.04604E-4, -1.15157E-4
12.4975, -0.10476, -0.21891, 1.57831E-4, -2.50343E-4
12.50563, -0.11212, -0.2125, -3.13178E-4, -4.54689E-4
12.51375, -0.10517, -0.20485, -2.56473E-4, -1.02892E-4
12.52188, -0.0935, -0.21178, -5.24087E-4, 1.48371E-5
12.53, -0.09112, -0.23007, 2.24225E-4, 3.69725E-4
12.53813, -0.1047, -0.24733, -1.90013E-4, -7.3701E-5
12.54625, -0.12815, -0.24765, -1.29856E-4, 9.50707E-5
12.55438, -0.13747, -0.23487, 1.036E-4, -1.96303E-5
12.5625, -0.13699, -0.23413, -2.96681E-4, -2.22519E-4
12.57063, -0.14691, -0.23613, -5.56966E-4, 1.64474E-4
12.57875, -0.15773, -0.22876, -3.32508E-4, 7.92757E-4
12.58687, -0.16322, -0.21994, -3.13201E-4, 1.92972E-4
12.595, -0.16313, -0.21544, -4.23607E-4, 9.61631E-4
12.60313, -0.16825, -0.2166, -4.63803E-5, 7.92582E-4
12.61125, -0.17838, -0.20826, 5.15651E-4, 2.98632E-4
12.61938, -0.17481, -0.19344, 3.44089E-4, 2.51037E-4
12.6275, -0.16275, -0.19523, 2.998E-4, -2.98388E-4
12.63562, -0.16265, -0.20843, 4.11515E-4, -1.29201E-5
12.64375, -0.17859, -0.21862, 5.61135E-5, 5.31804E-5
12.65188, -0.20437, -0.21082, 2.05445E-4, -1.34831E-5
12.66, -0.21263, -0.18295, 5.42051E-4, 7.29932E-6
12.66813, -0.20016, -0.16867, -2.40756E-4, 6.31643E-5
12.67625, -0.19849, -0.16875, 7.02532E-5, -4.04391E-4
12.68437, -0.20273, -0.16225, 3.07211E-4, -5.24976E-4
12.6925, -0.20194, -0.15189, 2.93963E-5, 1.50809E-4
12.70063, -0.19693, -0.14458, -1.00727E-4, -1.35065E-5
12.70875, -0.19384, -0.14475, 9.37046E-5, -7.67509E-5
12.71688, -0.19738, -0.14083, 5.16983E-5, -4.23488E-4
12.725, -0.19362, -0.1299, -7.64355E-5, -5.44367E-4
12.73312, -0.18229, -0.1312, -3.74246E-4, -2.71283E-4
12.74125, -0.18182, -0.14158, -4.632E-4, 0.00115
12.74938, -0.19421, -0.14634, -3.39948E-4, -2.65293E-4
12.7575, -0.21465, -0.13548, 1.94302E-4, -2.75168E-5
12.76563, -0.2146, -0.10558, -2.45861E-4, 6.75935E-5
12.77375, -0.19461, -0.09676, -2.49665E-4, -2.84778E-4
12.78187, -0.19256, -0.10047, 4.86168E-5, 2.528E-4
12.79, -0.19618, -0.09328, 9.75181E-6, -1.21001E-4
12.79813, -0.19362, -0.08182, -6.70165E-5, -1.5615E-4
12.80625, -0.18403, -0.07291, -5.39362E-4, 3.66038E-5
12.81438, -0.1745, -0.07598, -2.81331E-4, 3.62807E-4
12.8225, -0.18344, -0.07863, -3.60846E-4, 1.26533E-4
12.83063, -0.18166, -0.06054, 1.98194E-4, -1.19782E-4
12.83875, -0.16271, -0.05785, -8.92687E-5, -3.46752E-4
12.84688, -0.15533, -0.07082, -4.94221E-4, -4.21072E-5
12.855, -0.16587, -0.08196, -6.23601E-4, -1.04966E-4
12.86313, -0.19, -0.07476, 6.75222E-5, 1.89616E-4
12.87125, -0.19721, -0.03728, 8.89459E-5, 2.17333E-4
12.87938, -0.1645, -0.01662, -6.98607E-4, 2.89899E-4
12.8875, -0.1495, -0.0304, -5.60991E-4, -1.0557E-4
12.89563, -0.15761, -0.03078, -4.71234E-4, -2.16733E-4
12.90375, -0.1597, -0.01701, -4.3347E-4, 1.33698E-4
12.91188, -0.15078, -0.00169, -5.46165E-4, 7.57732E-4
12.92, -0.13311, 0.00371, -3.11617E-4, 2.35256E-4
12.92813, -0.12707, -0.00458, -5.1868E-4, 8.54066E-5
12.93625, -0.13302, 0.00363, -1.5191E-4, -9.47967E-5
12.94438, -0.11866, 0.01749, -1.28882E-4, -2.52744E-4
12.9525, -0.10396, 0.01421, -3.11862E-5, -1.16474E-4
12.96063, -0.09905, 0.00775, -2.77245E-4, -4.0044E-5
12.96875, -0.10604, 0.00718, 2.5379E-4, -9.36593E-5
12.97688, -0.11311, 0.03053, 2.13117E-5, 4.13001E-4
12.985, -0.08512, 0.05716, -3.04567E-5, -3.03891E-4
12.99312, -0.05444, 0.04678, -0.00102, -3.98611E-4
13.00125, -0.05321, 0.03428, -3.36606E-4, 1.62061E-4
13.00938, -0.05481, 0.04081, -1.01509E-4, 7.73582E-4
13.0175, -0.04698, 0.05415, -2.61731E-4, -1.26469E-5
13.02563, -0.02322, 0.06431, -2.39555E-4, 3.4104E-5
13.03375, 0.00263, 0.04726, -3.84831E-4, -7.59518E-5
13.04187, -0.00523, 0.03009, 2.85524E-4, 5.77263E-5
13.05, -0.0068, 0.04058, 2.27078E-4, 2.89535E-4
13.05813, 0.00838, 0.04669, -2.18538E-4, -7.50563E-5
13.06625, 0.02255, 0.04192, -6.01191E-5, -1.2564E-4
13.07438, 0.02766, 0.03325, -6.77692E-4, 2.36465E-4
13.0825, 0.02339, 0.03712, -2.47789E-4, 4.75834E-4
13.09062, 0.03561, 0.0563, -5.5966E-4, 2.01248E-4
13.09875, 0.06309, 0.05545, -4.12912E-4, 2.90446E-4
13.10688, 0.07336, 0.04405, -1.11456E-4, 3.35495E-4
13.115, 0.07895, 0.04445, -3.89424E-4, 2.91962E-4
13.12313, 0.092, 0.05073, -4.94368E-4, 1.31294E-4
13.13125, 0.11824, 0.05211, -3.38385E-4, 7.77948E-4
13.13937, 0.14489, 0.02785, 3.46491E-4, 2.25215E-4
13.1475, 0.13854, 8.73141E-4, 5.61819E-4, -1.69795E-4
13.15563, 0.12888, 0.00195, 7.78514E-5, 6.51757E-4
13.16375, 0.1387, 0.00696, -3.64096E-4, 9.51261E-5
13.17188, 0.153, 0.00341, -1.13958E-4, 4.19809E-4
13.18, 0.16066, -0.00619, -4.18659E-4, 1.98467E-4
13.18812, 0.16307, -0.00899, -5.71663E-4, -1.16057E-4
13.19625, 0.17546, 2.05089E-4, -1.72443E-4, 3.23032E-4
13.20438, 0.20171, -0.00565, -7.23633E-4, 5.28042E-4
13.2125, 0.21402, -0.02319, -2.54677E-4, 4.51543E-4
13.22063, 0.21977, -0.03161, -1.68269E-5, 1.82913E-4
13.22875, 0.23171, -0.03602, 2.26602E-4, 4.57881E-4
13.23688, 0.256, -0.04793, 1.75773E-4, -6.23357E-4
13.245, 0.2728, -0.08931, -8.7797E-5, 5.86078E-6
13.25313, 0.24319, -0.12246, -5.50563E-5, -1.97828E-4
13.26125, 0.22166, -0.10949, -3.1171E-4, -2.85388E-4
13.26938, 0.23215, -0.09832, -4.96963E-4, 2.33524E-4
13.2775, 0.25032, -0.10358, -3.23886E-4, -1.47017E-4
13.28563, 0.25988, -0.12084, -4.87668E-4, -2.69176E-4
13.29375, 0.25566, -0.13153, -4.82804E-4, 5.65599E-4
13.30188, 0.25875, -0.12504, -2.2611E-4, 2.90513E-4
13.31, 0.28446, -0.13099, -4.05375E-4, 3.50445E-5
13.31813, 0.29323, -0.15885, -4.57064E-4, -8.2364E-5
13.32625, 0.28668, -0.17151, 1.22422E-4, -2.37636E-4
13.33438, 0.29123, -0.17556, -6.93992E-4, 1.27951E-4
13.3425, 0.30663, -0.18583, -3.76984E-4, 3.39825E-4
13.35063, 0.31959, -0.22554, 1.04505E-4, 0.0015
13.35875, 0.28324, -0.26584, -6.02529E-4, 1.83153E-4
13.36688, 0.24288, -0.24427, -8.23203E-4, -1.98008E-4
13.375, 0.25554, -0.21495, -8.48753E-4, 2.62936E-4
13.38313, 0.28505, -0.21471, -7.18835E-4, 8.12599E-4
13.39125, 0.30332, -0.24144, -0.00105, 5.69642E-4
13.39937, 0.29418, -0.26784, 8.37345E-5, 0.00105
13.4075, 0.28205, -0.26263, 1.14696E-4, 5.79441E-4
13.41563, 0.30514, -0.25872, -5.83958E-6, 2.61273E-4
13.42375, 0.31217, -0.29108, 2.42964E-4, 7.59486E-4
13.43188, 0.29699, -0.30149, -4.72919E-4, 4.28497E-4
13.44, 0.29958, -0.29847, 3.48253E-5, 5.82572E-5
13.44812, 0.32312, -0.3052, -4.15309E-4, 5.29853E-4
13.45625, 0.35411, -0.35385, -6.85417E-4, 0.0012
13.46438, 0.30345, -0.44002, -4.17223E-4, 0.00123
13.4725, 0.20559, -0.40496, -1.36009E-4, 8.57298E-4
13.48063, 0.21822, -0.33325, 4.59803E-4, 8.56279E-4
13.48875, 0.2675, -0.32206, 5.30564E-4, 2.31188E-4
13.49687, 0.3074, -0.35324, 8.19733E-4, 2.29652E-4
13.505, 0.30689, -0.4081, 1.4508E-4, -5.21386E-5
13.51313, 0.26545, -0.43338, -3.94368E-4, 9.36064E-5
13.52125, 0.24559, -0.41005, -1.94915E-5, 6.5063E-4
13.52938, 0.27153, -0.41694, 4.25125E-4, 7.67102E-4
13.5375, 0.2547, -0.44572, 7.45923E-4, 3.4869E-4
13.54562, 0.23588, -0.44102, 1.14123E-4, 8.25561E-4
13.55375, 0.23877, -0.43259, 2.28789E-4, 1.42267E-4
13.56188, 0.26026, -0.4419, 1.69093E-4, -3.85462E-5
13.57, 0.26713, -0.50079, -3.61474E-4, 2.12651E-4
13.57813, 0.18654, -0.54163, -4.76208E-4, 2.6388E-4
13.58625, 0.13029, -0.47732, -2.05922E-4, 0.00138
13.59437, 0.15909, -0.42732, 3.31276E-4, 5.59268E-4
13.6025, 0.20335, -0.42755, 8.37278E-4, 4.56259E-4
13.61063, 0.22667, -0.46432, 1.78661E-4, 2.01141E-4
13.61875, 0.20825, -0.50296, 5.24093E-4, 3.366E-4
13.62688, 0.17512, -0.50422, 3.66453E-4, 6.38675E-4
13.635, 0.17042, -0.48874, 1.72123E-4, 4.99361E-4
13.64313, 0.17417, -0.49508, 5.03297E-4, 0.00101
13.65125, 0.16498, -0.49634, 3.74746E-4, 6.20553E-4
13.65938, 0.16585, -0.49474, -2.68901E-4, 2.31327E-4
13.6675, 0.17553, -0.50421, 2.27878E-4, 3.90391E-4
13.67563, 0.1746, -0.54165, 1.68064E-4, 0.00117
13.68375, 0.1211, -0.57067, 0.00118, 9.82274E-4
13.69188, 0.07149, -0.52768, 0.00112, 3.08302E-4
13.7, 0.0857, -0.48023, 3.30936E-4, 6.26608E-4
13.70813, 0.12126, -0.46924, 7.73538E-5, 4.22861E-4
13.71625, 0.14727, -0.49204, -2.02122E-5, 4.52199E-4
13.72438, 0.14512, -0.52549, 0.00107, 4.3891E-4
13.7325, 0.11925, -0.54117, 9.42754E-4, 2.8973E-4
13.74063, 0.10205, -0.53508, 5.96215E-4, -1.81264E-4
13.74875, 0.09403, -0.52882, 3.93687E-4, 3.27526E-4
13.75688, 0.09296, -0.52058, 2.12936E-5, 6.15988E-4
13.765, 0.09692, -0.51783, 4.4091E-4, 9.16273E-4
13.77313, 0.10273, -0.52587, 2.91821E-4, 5.64877E-4
13.78125, 0.09859, -0.54718, 0.00127, 2.553E-4
13.78938, 0.06558, -0.56244, 6.59653E-4, -2.02822E-4
13.7975, 0.03073, -0.53453, 8.70836E-4, -2.34389E-4
13.80562, 0.03721, -0.49635, -1.22262E-4, 9.46381E-5
13.81375, 0.06577, -0.48263, 7.79668E-4, 1.06867E-4
13.82188, 0.08938, -0.49504, 1.43615E-4, 4.47057E-4
13.83, 0.09517, -0.51871, 2.18979E-4, -3.99066E-4
13.83813, 0.0831, -0.5333, 1.45623E-4, -5.62508E-4
13.84625, 0.07088, -0.53599, 3.9846E-4, 5.49706E-7
13.85437, 0.06135, -0.53239, 2.74418E-4, 4.2223E-4
13.8625, 0.05996, -0.52327, 4.28513E-4, 2.33835E-4
13.87063, 0.06946, -0.51938, 6.1497E-4, 4.65807E-4
13.87875, 0.08025, -0.5305, 3.75672E-4, 2.58194E-4
13.88688, 0.07401, -0.55767, 8.79714E-4, 1.39171E-4
13.895, 0.03184, -0.56779, 8.81981E-4, 4.23498E-4
13.90312, 0.006, -0.52595, -3.40379E-4, -1.70185E-4
13.91125, 0.03364, -0.49057, -3.62038E-4, -3.51456E-4
13.91938, 0.073, -0.49438, 1.80706E-4, -1.67404E-4
13.9275, 0.091, -0.52765, 5.09241E-4, 4.22642E-4
13.93563, 0.07678, -0.55545, 9.98807E-4, 4.45871E-4
13.94375, 0.05513, -0.55769, 5.62804E-4, -3.46885E-4
13.95187, 0.05724, -0.54832, -2.96971E-4, -3.29561E-4
13.96, 0.05665, -0.5588, -2.21466E-4, -7.98848E-5
13.96813, 0.04729, -0.55302, 1.08015E-4, 5.83126E-4
13.97625, 0.05666, -0.54695, -2.4164E-4, 7.8187E-4
13.98438, 0.07271, -0.55631, 3.37838E-4, 8.91178E-4
13.9925, 0.08283, -0.59144, 8.54838E-4, 7.7637E-4
14.00062, 0.0356, -0.63791, 0.00106, 1.78608E-5
14.00875, -0.04375, -0.59679, 8.88178E-4, -5.43725E-4
14.01688, -0.02243, -0.51457, 8.04576E-4, -0.00103
14.025, 0.0443, -0.50081, 1.85644E-4, -3.58298E-4
14.03313, 0.09538, -0.53911, -5.6401E-4, -2.55443E-4
14.04125, 0.10131, -0.60388, -4.04069E-4, 2.92488E-4
14.04938, 0.05314, -0.64207, 8.38347E-4, 7.7088E-4
14.0575, 0.0128, -0.6283, 8.13216E-4, 8.1476E-4
14.06563, 0.0134, -0.61918, 4.20086E-4, -8.86009E-4
14.07375, -0.00284, -0.61647, 2.10395E-4, -6.2398E-4
14.08188, -4.49246E-4, -0.59891, -8.25848E-5, -5.03874E-4
14.09, 0.01751, -0.60177, -1.98064E-4, -4.96419E-4
14.09813, 0.03332, -0.63073, -2.58768E-4, -4.11621E-4
14.10625, 0.00622, -0.69254, 8.6493E-5, 3.90184E-5
14.11438, -0.11017, -0.68923, -2.70459E-4, -3.14533E-4
14.1225, -0.12783, -0.5606, -9.14796E-5, 3.64915E-4
14.13063, -0.03272, -0.50994, 2.7165E-4, 1.67375E-4
14.13875, 0.04297, -0.55057, -5.15326E-5, -1.20684E-4
14.14688, 0.05986, -0.64223, 2.06188E-4, -6.82115E-4
14.155, -0.00857, -0.71255, -1.93318E-4, -1.58739E-4
14.16313, -0.09793, -0.6857, 5.33206E-4, 3.07799E-4
14.17125, -0.10859, -0.6164, -3.1731E-5, 6.84366E-4
14.17938, -0.08339, -0.60493, 8.03487E-4, -6.59868E-4
14.1875, -0.07512, -0.59372, -3.13601E-4, -6.73138E-4
14.19563, -0.05875, -0.59319, -1.21391E-4, 3.28385E-4
14.20375, -0.04358, -0.6087, 4.66997E-4, 1.54713E-4
14.21187, -0.04152, -0.64816, 5.35187E-4, -9.64903E-5
14.22, -0.09916, -0.69359, 1.71493E-4, -9.80132E-4
14.22813, -0.19526, -0.63321, -3.23759E-4, -1.82059E-4
14.23625, -0.15851, -0.52469, -9.02796E-4, -3.77042E-4
14.24438, -0.06435, -0.50549, -1.99636E-4, 5.4772E-4
14.2525, -0.00606, -0.55852, 5.28219E-4, 2.64108E-4
14.26062, -0.00476, -0.64275, 9.40526E-4, -2.84701E-4
14.26875, -0.07471, -0.69146, -2.51841E-4, -5.48241E-4
14.27688, -0.14276, -0.65961, -9.57644E-4, 9.04091E-5
14.285, -0.14789, -0.6095, -6.1546E-6, 5.48345E-6
14.29313, -0.12906, -0.58788, 3.10899E-4, 5.14356E-4
14.30125, -0.10923, -0.58177, -3.69579E-4, -5.42689E-4
14.30937, -0.09406, -0.59233, -1.82337E-4, -1.26036E-4
14.3175, -0.0903, -0.62188, -7.71063E-4, 4.45648E-4
14.32563, -0.12178, -0.65374, -2.26643E-4, 5.26822E-4
14.33375, -0.18763, -0.63204, 5.14993E-4, 7.42882E-4
14.34188, -0.18795, -0.55242, 7.53977E-4, 2.76147E-4
14.35, -0.12012, -0.52706, 4.24747E-4, -3.82437E-4
14.35812, -0.07132, -0.56608, -5.67402E-4, -1.34411E-4
14.36625, -0.07702, -0.62615, -1.02835E-4, 5.71609E-4
14.37438, -0.12671, -0.65069, 0.0012, 1.07862E-5
14.3825, -0.16641, -0.6255, 7.892E-4, -9.41782E-4
14.39063, -0.16731, -0.59651, -5.4612E-4, -0.00144
14.39875, -0.1609, -0.57977, -8.70557E-4, 4.1299E-4
14.40687, -0.14243, -0.57032, 2.53788E-4, 0.00114
14.415, -0.12549, -0.58044, 4.02667E-4, 9.12407E-4
14.42313, -0.12492, -0.60794, 7.99158E-4, -7.33125E-5
14.43125, -0.16103, -0.63606, 4.66502E-4, -7.05266E-4
14.43938, -0.22313, -0.60727, -3.36895E-4, -5.8892E-4
14.4475, -0.21618, -0.52862, -0.00111, -3.62127E-4
14.45563, -0.14999, -0.50014, -3.12375E-4, 4.93106E-4
14.46375, -0.09425, -0.53211, 1.30619E-4, -1.95054E-4
14.47188, -0.08103, -0.59334, 6.33947E-4, -3.09445E-4
14.48, -0.12293, -0.63795, -6.47503E-4, 4.36696E-5
14.48813, -0.17643, -0.63024, -2.05372E-4, -6.63758E-4
14.49625, -0.18918, -0.59543, 3.98306E-4, 8.94716E-4
14.50438, -0.18215, -0.57714, 7.06444E-4, -5.70964E-4
14.5125, -0.16845, -0.56712, 1.98603E-4, -9.17965E-4
14.52063, -0.15242, -0.57458, 3.71235E-5, -4.52564E-5
14.52875, -0.15159, -0.59353, -5.5799E-4, -6.69815E-5
14.53688, -0.17345, -0.61397, 2.54563E-4, 6.15117E-4
14.545, -0.22037, -0.60235, 1.98244E-4, 3.16645E-5
14.55313, -0.22633, -0.54227, 5.69064E-4, 2.17886E-4
14.56125, -0.17203, -0.51478, 5.21617E-4, -0.00103
14.56938, -0.12669, -0.54997, 4.49381E-5, -5.31739E-4
14.5775, -0.13646, -0.60793, 3.7866E-4, -7.78643E-5
14.58563, -0.19288, -0.62178, -5.94255E-4, 1.82E-4
14.59375, -0.22106, -0.5774, -7.60773E-5, 3.53647E-5
14.60188, -0.19475, -0.55348, -3.99546E-4, -4.44064E-5
14.61, -0.18786, -0.55695, 2.16445E-4, -5.28575E-4
14.61812, -0.17749, -0.54648, -5.46432E-5, 7.55939E-4
14.62625, -0.15361, -0.55684, 4.63212E-4, 4.27755E-4
14.63438, -0.14735, -0.59267, 0.00135, 3.07152E-4
14.6425, -0.18053, -0.63827, -4.00748E-6, -6.0703E-4
14.65063, -0.27774, -0.63633, -8.79061E-4, -0.00127
14.65875, -0.32977, -0.50637, -0.00116, -6.90758E-4
14.66687, -0.21411, -0.42033, -3.85108E-4, -8.54066E-5
14.675, -0.10974, -0.45035, -8.21007E-4, 7.7456E-4
14.68313, -0.05965, -0.54431, 4.78159E-4, 2.99554E-4
14.69125, -0.10429, -0.65861, 2.13575E-4, 2.04697E-4
14.69938, -0.22847, -0.67225, 6.32131E-4, 2.03714E-4
14.7075, -0.28836, -0.57166, 3.07779E-4, -4.14602E-5
14.71562, -0.22658, -0.51299, 0.0011, 4.12956E-4
14.72375, -0.19811, -0.5227, 6.22795E-6, -6.71737E-4
14.73188, -0.17333, -0.52665, 1.37505E-4, -1.60715E-4
14.74, -0.15681, -0.55243, -1.97026E-4, -2.64084E-4
14.74813, -0.15999, -0.59126, 3.63922E-4, 7.03419E-4
14.75625, -0.20084, -0.62819, 3.18045E-4, 3.04628E-6
14.76437, -0.29177, -0.61226, -2.29184E-4, -7.21635E-4
14.7725, -0.31072, -0.47953, -2.06985E-4, -5.39086E-4
14.78063, -0.19245, -0.43566, -5.89621E-4, 1.64904E-4
14.78875, -0.10702, -0.4907, -8.04691E-5, 5.18367E-4
14.79688, -0.11011, -0.60005, -1.00418E-4, 6.77208E-4
14.805, -0.20988, -0.65139, -4.79388E-4, 1.95435E-4
14.81312, -0.2867, -0.58303, -3.0124E-4, -5.29855E-4
14.82125, -0.24853, -0.50765, -3.874E-4, -5.0008E-4
14.82938, -0.21428, -0.5175, -5.11894E-4, 3.77242E-4
14.8375, -0.19514, -0.51674, -1.14642E-4, 2.12004E-5
14.84563, -0.17583, -0.5343, 8.89595E-4, 7.41075E-5
14.85375, -0.17753, -0.56685, 4.59412E-5, 2.05612E-5
14.86188, -0.20626, -0.59549, -3.12336E-5, -1.95074E-4
14.87, -0.26924, -0.59442, -5.37703E-4, 1.81801E-4
14.87813, -0.31494, -0.50956, -2.04447E-4, 5.36886E-4
14.88625, -0.24331, -0.43115, -1.27116E-4, -9.47246E-5
14.89438, -0.15369, -0.45062, -5.52105E-4, 2.72832E-4
14.9025, -0.11, -0.52901, 6.72712E-4, 8.15429E-6
14.91063, -0.14972, -0.61577, 7.45551E-5, 6.6075E-4
14.91875, -0.24653, -0.62355, 4.40795E-4, 6.42305E-4
14.92688, -0.2881, -0.55016, 8.59686E-4, -8.57122E-5
14.935, -0.25092, -0.49982, 5.89961E-4, 2.27903E-5
14.94313, -0.21176, -0.50224, 5.23052E-4, -3.38026E-4
14.95125, -0.19048, -0.52195, 7.12671E-4, -6.56225E-4
14.95938, -0.19192, -0.54884, 6.07974E-4, 3.0142E-4
14.9675, -0.2154, -0.56394, 2.32584E-4, -4.66222E-4
14.97563, -0.24374, -0.56373, -2.03216E-5, -0.00126
14.98375, -0.27729, -0.53689, 5.90919E-4, -1.38131E-4
14.99188, -0.26366, -0.47312, -3.81158E-4, -4.06184E-4
15, -0.19741, -0.46063, -5.05152E-4, -3.60333E-4